0.0234381279093222 0.0809192527807621 0.727547875439789
0.0146921793425371 0.0432171228384074 0.375546193585662
0.0238728010665968 0.129776941937098 0.644917779437497
0.0290118036496458 0.107646611919593 0.886841110867877
0.0127722165092316 0.0681244350445433 0.394528905683568
0.0173450750959108 0.0746079483564989 0.586707809928185
0.0231555146590045 0.0793315847258955 0.719363809740145
0.0209019144702902 0.115517881233761 0.641095708015191
0.0177931045903454 0.0847384727568032 0.5436327004128
0.009064515152513 0.0504984342711103 0.302924479953797
0.0171730116895147 0.0757909879210539 0.484961822333384
0.0150994848841004 0.0922704533871731 0.460475802695953
0.0270386170279711 0.190861044033696 0.710080546529222
0.0127595068656685 0.0527767984816965 0.348787322416866
0.0122140982566256 0.0791074682921692 0.387920463625636
0.0307228048426402 0.109346600132901 0.956350309212912
0.0216644270150187 0.112579717610403 0.71974767723379
0.0204224260685626 0.071845249375679 0.608007924472209
0.025242171146887 0.108022584959188 0.698177325262
0.0238433612840832 0.10402567738381 0.748632852490362
0.0243891211644949 0.107633184084361 0.768229730322831
0.0184343900388556 0.0639746556426932 0.579168436499617
0.0199202750277635 0.0846969312375586 0.592549793299643
0.0203121065619463 0.117155268711502 0.654667762938466
0.0288683375867967 0.138475815345362 0.623117755959695
0.022854019827596 0.179171637417343 0.669818208809015
0.0237458076495838 0.0931799648244191 0.740831485741106
0.0209383070746816 0.07993536540985 0.578422662213332
0.0231861275845862 0.0959254542758877 0.740549613298847
0.0262287734671515 0.126237329471322 0.788425113994803
0.0180609660997457 0.0587336378677289 0.457990298189715
0.018477119229592 0.0908908877299843 0.593687496973685
0.0181389874736792 0.0844963274466433 0.566244716048692
0.0223646508617051 0.0660186588001152 0.607098894265666
0.0300297551380638 0.114621598416775 0.894048743591975
0.0122900404831427 0.0597791511938617 0.432737022703281
0.0176098757397388 0.0760098796700222 0.52425377492027
0.0383825572036306 0.186986661137449 1.1954081695122
0.024811418709065 0.111282989051718 0.778201130556832
0.0267470969063361 0.108034746337054 0.824390850060295
0.0252780881531205 0.108154501863084 0.734349462957772
0.0249080573713521 0.111204694658325 0.795471273549252
0.026573620399372 0.101196111383521 0.784618806700507
0.00986919065704659 0.0449330835335704 0.339385982581967
0.0158489008203869 0.0951425436776705 0.451371131066233
0.0172083916614386 0.0662634230807051 0.546983031268325
0.0172233731171879 0.0576303141450971 0.465462186608693
0.0169130448878506 0.0851397951058687 0.582904018955519
0.0174049289218164 0.0754354851731383 0.540196959840284
0.024073088434686 0.107476339654589 0.781795450230759
0.0195945379343004 0.072680933732844 0.563485962295833
0.0211428803494931 0.0830414334293644 0.558301151762757
0.0195318696162993 0.0712253032761765 0.567836746863331
0.0520880633412902 0.186545200735105 1.51113084625888
0.0188588028759295 0.100116286892761 0.582745749277827
0.022226657560652 0.0681690154328777 0.599560647314132
0.017270487043066 0.0651557102895228 0.542508097770347
0.0241301205342371 0.0974041806887377 0.79328121274052
0.0218234490376529 0.0745215756808673 0.623549958221363
0.0367096714553216 0.229725128635482 1.09610506695916
0.0423623933896941 0.151273718694201 1.18059150726938
0.0186112557686544 0.064235710512355 0.52994972575517
0.00850945792215592 0.0389930262151984 0.275864402130516
0.0382850047445904 0.179567293982404 1.10781536070465
0.0144540249358821 0.0702166984236013 0.469868014791908
0.0380067710575197 0.105693510653331 0.926178812632722
0.012820846948469 0.0484181037168964 0.385510837687846
0.0310751313876149 0.151684065806639 0.828088501895764
0.0119564597593331 0.0485768124784324 0.381717746818165
0.0163090815284537 0.06510252223126 0.539755027778015
0.0299012749646971 0.182204369914064 0.856742273215476
0.0455745273822601 0.211326601231456 1.20600481616416
0.0422829747866407 0.19969034454978 1.16674849720848
0.020151644534197 0.118052809699076 0.63557916274609
0.0133178304281853 0.0431461090133652 0.378879918551466
0.0140609309160971 0.0572695662306932 0.434358020959749
0.0182392946896019 0.0523650870510536 0.481655746810287
0.0303224980530844 0.137593094351027 0.845124230137059
0.0289149355030213 0.109640816483158 0.852769360932677
0.0258436797391928 0.0954268369488279 0.731770836964448
0.0127991637760633 0.0464874116617138 0.373150062225061
0.0452299728713789 0.140617972935157 1.2896184473255
0.0139815847491379 0.0613634193415392 0.434740537510589
0.0199619422638499 0.0759711400176342 0.579278664562292
0.0188544726577904 0.0784408231812139 0.600694937311272
0.0308689398925577 0.149160439599198 0.893214345255658
0.0328365196170506 0.156723964973308 1.02189898292581
0.0163856802376956 0.0859304665165998 0.498464552218832
0.0201450782200002 0.1028539390111 0.592204111938161
0.0197169888840527 0.109706917038402 0.619841189137971
0.0240586506328668 0.0983605668088266 0.725127511313415
0.0117685013644822 0.0733955234883545 0.362644171958159
0.0140843746856311 0.0568864841012582 0.430579552477746
0.0244265641002803 0.161352784787342 0.780235171297066
0.0278720989517126 0.123096265808093 0.815367696020057
0.0231739781949724 0.117093019330431 0.752084975160052
0.0151143004396782 0.10971421348124 0.460853902966508
0.0162720296558405 0.0872842223837339 0.511447440510339
0.0340850879931051 0.162343099874705 0.778310831319344
0.0229695925390226 0.0812174256066783 0.67501581522476
0.021328021950258 0.0802865313552734 0.62721857962119
0.0249250207666783 0.138543608511206 0.861369668771559
0.0196167863482042 0.0603773301403819 0.549835437330379
0.0185916256006969 0.0728869296723457 0.585119063650252
0.0171640446748386 0.079649792409906 0.550931361187441
0.0194062393918805 0.102077460507525 0.570466346351273
0.0179932369306675 0.0608428341005029 0.523732479582124
0.0383489619331024 0.226566208364332 1.22988040262761
0.0219638626440684 0.0808008802929134 0.716825737696996
0.0242628423175519 0.146077497829357 0.715931286098208
0.0177156789503135 0.0560626190064073 0.528478264531503
0.0219440576238493 0.0730597934511478 0.590233814677315
0.0144166338141031 0.0628042703874121 0.45153214072012
0.0236916793209447 0.100570509620339 0.726740839020567
0.0144207164053495 0.0556421627759617 0.427272334089763
0.0309333120516868 0.0920091039665291 0.843531475573379
0.0147142079783495 0.0748581431145761 0.412553191579496
0.0204935266265099 0.0969746813583717 0.669245753464211
0.013712738889755 0.0492943514682339 0.403399885363555
0.0276790055462625 0.109253019497421 0.906296597795176
0.0152695085879841 0.0612572966876513 0.479433504009126
0.0228335923490587 0.110724615771072 0.679461337857933
0.0225149414757248 0.0923920049167835 0.621135314414563
0.0423697425423928 0.185655647258589 1.16715194291071
0.0100661326534738 0.0396982574793588 0.345165940315657
0.0169504473774889 0.086658461759209 0.477585421710686
0.0141764550945177 0.0791125182519878 0.430467815620689
0.0116306563182067 0.0504297737314196 0.359897036863954
0.0219670602962678 0.104296390280371 0.650234411383096
0.0407952039564391 0.158613895309301 1.23827811620305
0.0255823211524022 0.111887184102612 0.730808956726009
0.0289071600437832 0.095866915636883 0.865010790065666
0.029641933304118 0.185464080147775 0.792197968997285
0.0157872464645626 0.0911876096397924 0.499300845022005
0.0234865165803212 0.0876902265511955 0.691663165103482
0.0441207565993087 0.199991809165706 1.26805644070915
0.0256152147606164 0.0721458092949073 0.671722615753457
0.014770325863325 0.080718960528039 0.39987643273399
0.0560062834621968 0.251647290939515 1.61861000084114
0.0274445918626759 0.080960544734452 0.722888764763158
0.0156956656773122 0.0751903797724373 0.469635234561221
0.0272785674463137 0.179907747055376 0.77677019536131
0.0175048357959657 0.093681378264786 0.487996870474472
0.0241651074418354 0.121070209590945 0.802499139874558
0.0248311593497046 0.0798476890970809 0.647352230242779
0.031864737904038 0.108156037498162 0.959418838068043
0.0345880447409516 0.229995839665827 0.977249121654566
0.0190069670735267 0.0625526247883613 0.496446027773035
0.0209422984362074 0.110847443330826 0.640138871896057
0.0324252097767255 0.161119998764394 0.903429413154489
0.0212310372856529 0.141232031539338 0.524475227864164
0.0262210618915381 0.119223534073772 0.823096334031923
0.0113841850494809 0.0549038601039401 0.380146743189735
0.0189604032721165 0.0854148492675164 0.515522599606313
0.0182768334678635 0.0801427764764665 0.552246321657642
0.0381888492004036 0.148936830653819 1.07839223843936
0.0328564397085119 0.105094726697926 0.871436012721617
0.0357194684108288 0.171974243988963 1.14381104538836
0.0180783850103235 0.091970023297256 0.562840497461338
0.0202462590751875 0.0837550536342869 0.639914352740341
0.0233207327759224 0.106432090953583 0.692142300997555
0.0202122830415625 0.111567125228501 0.659149854848934
0.0179687580739699 0.062237107801546 0.545152080563888
0.0173080447112099 0.0657450267974144 0.532408811814688
0.0232041260899114 0.0854238688280685 0.687175941229503
0.0218002520358283 0.087430851525688 0.6118329126814
0.0179774706585459 0.0709550464149502 0.59636489634912
0.0249171378667422 0.0870494578617137 0.633449145149745
0.016785579318258 0.0555669832892015 0.487775755049436
0.0148729978190523 0.0724609183916096 0.479748876302023
0.0240861293931899 0.160479951987586 0.593279464205325
0.0199610643724968 0.0845277198722074 0.632652678056588
0.0268951638556061 0.0860218714744532 0.786865093410628
0.0191306672658771 0.0886413977103437 0.565253850658904
0.00948934897799624 0.0403223396425365 0.329735380460348
0.0224158547399648 0.0925959560591211 0.649107107290702
0.0236216692271017 0.123303792200818 0.708134680523072
0.0391661274502904 0.169967935397731 1.01110924671617
0.0197368149126507 0.0717059422257676 0.607151556869712
0.0147895700692496 0.0804124480249088 0.4746155283978
0.0221114677545272 0.0808132715800878 0.657409176322065
0.011462637104547 0.0456784577855988 0.353560795110163
0.0120651134350367 0.0476029798574548 0.364735741732022
0.0198627933441256 0.0677127274838987 0.538954108758117
0.0201494574092348 0.0840325475443711 0.615718695554153
0.0184542552355161 0.134659124710701 0.56966668453179
0.040408655807357 0.177110539315296 1.27131074492559
0.0422652354534539 0.160380052851705 1.12106424079073
0.0109186867422971 0.0496205436644426 0.358775960085455
0.0482811289865502 0.191369578410215 1.49397919169123
0.0149753030328178 0.0832394627728854 0.420284839377283
0.0126563470606053 0.0571955637033976 0.437575272926001
0.0132053134663743 0.0625282427377958 0.437613247626367
0.0103639703264198 0.0511655620161323 0.3292188204505
0.0167761328202842 0.080868867097742 0.494610186873868
0.0135397394934176 0.0602481164897907 0.381995231630445
0.0196130602963502 0.100609582178716 0.638823473430905
0.0217567568057762 0.0709991348794731 0.648361938138176
0.0298895512439103 0.108551401367898 0.883950353058109
0.0234012703260947 0.100753791635804 0.697975680236435
0.0183109229853035 0.0578226911753478 0.531306673205461
0.0528364172143192 0.167575652951362 1.45487848040276
0.0206173894871274 0.0624765979709007 0.554303708628409
0.0135967972509101 0.0763009933032121 0.435209827438886
0.0182103301759392 0.0594410452049182 0.49246341923535
0.0297078067495306 0.123884865119187 0.902080575265015
0.0228267777544461 0.0876344724706051 0.644192276364981
0.0416887901132446 0.213477293068351 1.1461430979312
0.0218967529372812 0.0721806652153438 0.654469856020645
0.0299082939958114 0.211145711445464 0.850280252922079
0.0190674644834615 0.0728608533570437 0.559959400290777
0.0311480223345098 0.20431522493891 0.901621972663151
0.0138526068157704 0.0583520919338361 0.434025143745757
0.0210601589245479 0.121447268848464 0.6118396186247
0.0183350152937754 0.0750946643436868 0.52092314791677
0.031936087833452 0.150134956624018 0.960951337970226
0.0166965684879984 0.0576135477888877 0.486588490233146
0.05487821078446 0.195092087854647 1.56788054255635
0.0270416068429237 0.107616319508426 0.775468499743543
0.0256711864204182 0.11286664694236 0.856163242973049
0.0172912985204025 0.0872457254794545 0.49669121709108
0.053699253275584 0.270743501432997 1.23816220387029
0.0662026931596239 0.208923201856412 1.80946493578973
0.0216334461595589 0.149279469422599 0.717067959865827
0.0262397206066782 0.114528466081774 0.714380174469052
0.0281671276665281 0.198745917264357 0.824541268460087
0.0161758689788812 0.0830863357229796 0.428428968173821
0.0423527753148302 0.162764398770125 1.27379924696752
0.0148189243676937 0.125920333386977 0.428909402497748
0.0114223140945932 0.0425784254368263 0.373143936821723
0.0201737507084248 0.0773622129107724 0.624783684773321
0.0522113173966026 0.360911667950113 1.34014603170944
0.0318478154918639 0.153419868533099 0.954609949567857
0.0157107018769555 0.07123436788867 0.506768509657676
0.0245566462518314 0.0910449136880994 0.718113349625887
0.0180431019212302 0.0840910464959822 0.521762818639942
0.021789840574303 0.0830857600692116 0.612638149290213
0.0320178471683083 0.158883737405476 0.80217837871076
0.0198084604872187 0.0790574872466712 0.647609804660324
0.0238643784646382 0.139810555994319 0.671861920384129
0.0254321771879085 0.0897629400863984 0.729057710141242
0.0290471651747876 0.116765620493314 0.88335162159901
0.0227326626750859 0.136360506704106 0.707861084825891
0.0148704476015765 0.0520706682658881 0.436334217226622
0.0346483311986752 0.109388871357166 0.998789779577111
0.0305420525696329 0.123053407274043 0.92210157438988
0.0120636895107444 0.0516209587005301 0.375373434301959
0.0167343718963874 0.073450665795036 0.535437737459045
0.0260331774878196 0.10243734381825 0.760282814441759
0.0123614155523664 0.0669480681381146 0.426890804194154
0.0223884751756927 0.0816621314089207 0.682498530277472
0.0146163449288645 0.0612244142603316 0.491834553608342
0.0183145164406931 0.0797115247781403 0.511465174462109
0.0163826194984759 0.0612994898770814 0.500459447995668
0.0100098144287695 0.048774120762401 0.30182137023951
0.0193098244596725 0.0702871710125536 0.560933878858465
0.021045787409789 0.0907386812577018 0.67880619945662
0.0143042797148769 0.0685890441188265 0.487844781706035
0.0188259133788476 0.0770542395915158 0.578056290040194
0.0431215732491122 0.148364241975617 1.17842543930209
0.0202597511924716 0.0753240938087353 0.659606648696403
0.0285699116620326 0.127518135983348 0.902116027590094
0.016825790513803 0.0640856130589513 0.48665439627136
0.0363875062792123 0.254306881883314 1.13560127245968
0.012164703343379 0.0557586235825959 0.392394588521238
0.00903724047876582 0.0448166625748051 0.300071035767715
0.0204452463006237 0.0734809249489528 0.573556114493674
0.0251936737921086 0.0794795452884147 0.721983726279933
0.023131169661906 0.149303197242848 0.657304084723875
0.0160611980591866 0.0608823808097871 0.543136079398635
0.0257550779488162 0.195963247701397 0.74607229134153
0.0102774388932324 0.0394579868442717 0.319149840115547
0.0178914799157306 0.0822223865488625 0.586264675831131
0.0113182924947796 0.054091511638499 0.390321447323099
0.0220034001972501 0.0981847504773396 0.677214583505885
0.0168981834813203 0.0700954557977237 0.527299584711605
0.0217295867844937 0.0750230483865937 0.676744289889053
0.0265736742261317 0.0996782217500336 0.794526954381996
0.0187893907380624 0.0605733604283947 0.53704073417977
0.0205897322022372 0.0781050216765149 0.617016493644188
0.0195767918661921 0.0774176687436751 0.604548316434497
0.0243483077114896 0.125463834182642 0.730700697450464
0.0255758706731482 0.126553220571311 0.736865638411053
0.0137553890340419 0.0606975089606652 0.437581781889675
0.0240441098180558 0.0920440991265038 0.709693263452184
0.050585675243564 0.18935860629572 1.44685976067807
0.036060728160962 0.148734171892312 0.961463182372932
0.0420816432406115 0.333243491751981 1.17118092079943
0.0347556841702575 0.152173923197285 1.07113329733263
0.0309492238846483 0.110935655588253 0.941353650386872
0.0164766221749822 0.0556317551888954 0.500189995941842
0.011565759543303 0.0602962342152682 0.375671073774824
0.0152221947706053 0.075831027257704 0.501888280001246
0.0143196661841011 0.0425754135012642 0.403908274876632
0.0175808448722318 0.0699966176491422 0.51218375122474
0.0329517070481761 0.195673462678354 0.932819831452942
0.0227561254706565 0.081461148056264 0.648534178790458
0.0166429226645167 0.0549035770033216 0.493677792306015
0.0244192703937659 0.145649994830028 0.732473960305125
0.0145652121020569 0.0668734576914732 0.473095954050785
0.0341370287633463 0.112376290957914 0.845171650971908
0.0196786038121588 0.0685741803168646 0.58428815883768
0.0353672420478612 0.141933204093946 1.09142621664811
0.0185587642178967 0.0994144382535386 0.599720563813011
0.00998315776562119 0.0373744560474482 0.29309875038411
0.0320916337111461 0.117437929125923 0.950005004219384
0.0171392936780517 0.0514693886370962 0.412814475645868
0.0227172417833948 0.165358375121296 0.683934889533606
0.0396750310326025 0.183500762161912 1.01396436925095
0.012885010770979 0.0654814669040459 0.431588207227326
0.0204525847650294 0.0647479852614319 0.546132307388829
0.018281650643769 0.0696931894578759 0.583138925911752
0.0242181264629825 0.101904140862574 0.753335107227008
0.0170316513625856 0.0645226676359299 0.461087295544375
0.0179055816206986 0.0614038071302987 0.511823910839711
0.0265815667980393 0.140612795089357 0.83843016634568
0.0174236682733003 0.0645674127014227 0.49887317762203
0.0155453311547991 0.0971254817469634 0.459458586340793
0.0314289391901185 0.133031335827299 0.837663252001394
0.0427301118465278 0.241576409804773 1.2544707041185
0.018802161919576 0.062633269240597 0.567745125291313
0.136420652004586 0.62647022837072 2.67545497492594
0.0351816817796733 0.15889487937074 1.07550874878926
0.0619653919254052 0.256607260062084 1.49551346224661
0.017704287509738 0.0635763646449141 0.480432999109997
0.013935300889616 0.0518712283931186 0.422191812510202
0.021215421541198 0.111500634180672 0.65285736278994
0.0247009552284704 0.136023574378655 0.812852903944506
0.0391350238694154 0.127829005222907 0.995766057746429
0.0551148006112374 0.225654409182027 1.60828111710817
0.019427905328158 0.077969629751505 0.548547024035234
0.0240857192118488 0.178862060268645 0.720630463873965
0.0279840019348253 0.0963701443689846 0.758827880422397
0.0252521068278639 0.117168916187385 0.736314476144079
0.0335383355931237 0.112199909535007 0.990636248686791
0.0132209672692446 0.0659679702732032 0.387563056707635
0.0240396287341426 0.0790512604690338 0.661604084314623
0.0301862853295525 0.200354737033626 0.91798644296701
0.0297090231108557 0.177315855225027 0.861784140148458
0.0241487066329331 0.0936512902456153 0.677195223951046
0.0168656160412214 0.0768917273368521 0.546561301762672
0.0377524353413616 0.167231548683856 1.08198551345928
0.0147032441114916 0.0603932791277953 0.475460257708342
0.0221243913617206 0.101045779780186 0.634776736635908
0.0188077967465524 0.0899265971147362 0.610502862951881
0.0202398734598768 0.0666352823641635 0.611988473487053
0.0407814425941423 0.139127780290942 1.08462136560342
0.0147705776733222 0.0648236652290155 0.418293054376115
0.0192690497591334 0.106388594174002 0.612515771223008
0.0404142534631954 0.203733672305804 1.16460110484552
0.0130629160246895 0.0616511512795736 0.393411020151904
0.024918051163161 0.15804322146156 0.769744201915768
0.0132002350610873 0.0536556731179074 0.416547099199748
0.0412378599688923 0.17590796511062 1.19764166587818
0.0229221043233214 0.0875476280832619 0.656680990448054
0.0293475963223655 0.114877417202582 0.900323833739564
0.00903511786811493 0.0479591030918471 0.290623887211739
0.0110175956315479 0.0490421288369062 0.369953445609575
0.019479560112143 0.074560397588208 0.603569165480968
0.0333655299288844 0.147230196349696 0.812337084664374
0.0212716585855688 0.0806618679944439 0.631124604428415
0.0418871057406142 0.194540583042061 1.3570522335306
0.0242597095264748 0.124038246194443 0.725268631098087
0.0182935842053097 0.0909593047137623 0.501659256866237
0.0199353613398034 0.107207541365331 0.617858796033032
0.0170098051451054 0.0730692108212544 0.496386713346229
0.0165955707931166 0.0778622076140797 0.501478006874744
0.0372188978501696 0.112303733574028 1.05184277723941
0.0442950877457829 0.201167094794203 1.46248899675948
0.124052060092703 0.460772047617273 2.6130962897863
0.0265014189952105 0.174108885619835 0.749730083507165
0.0169653705111627 0.0657845362404814 0.490593897314229
0.020687969681491 0.0836751388207997 0.662065481616148
0.0216903359017046 0.146740302667555 0.662227554843929
0.0188733464165559 0.109580710484969 0.560489195995063
0.0183596671416528 0.079731032507498 0.560737259424567
0.0174317381993368 0.057533854134078 0.480443210030606
0.0235876348336601 0.12424766834936 0.744654970310652
0.0194610895567585 0.135227389816724 0.623151976968004
0.0386930274999544 0.114552983076284 0.966074889452034
0.0604448051555748 0.227784012072066 1.70628018217448
0.0389337087006888 0.164234732111067 1.17724385923505
0.0251407764696124 0.104064654926164 0.799358651760354
0.0170912731602728 0.0692676960709409 0.523553582092566
0.0188824831339895 0.0774144610534135 0.627359346436375
0.0243000787560195 0.098708545082868 0.758120152269267
0.0326154051787541 0.154458772691112 0.987507136579132
0.0211326716194273 0.0856532205464517 0.66116266120504
0.0161977078868765 0.0788476373356391 0.469659197867157
0.0300652208472898 0.106606548780978 0.93013871867526
0.0190838196947412 0.0671789917740629 0.5839847224871
0.0234964846104112 0.104178181178188 0.787815597433035
0.0237992573658544 0.137623718598685 0.587751333240341
0.0156450542888519 0.0705573566402068 0.482457272210169
0.0218611684459374 0.105972488838106 0.714649594249525
0.0143444647249376 0.0646853397814898 0.484879817334313
0.00723794998078583 0.0415921807485254 0.22741748801839
0.0298760522119115 0.112514761882353 0.837032798161411
0.0316458717091344 0.107828681413625 0.938605134438672
0.0137180533575578 0.0597457152987987 0.456897836226668
0.0409417147669152 0.177053248003556 1.29681891258671
0.0405481265508138 0.178476635050081 1.2219299030936
0.0470752466732012 0.170129593204435 1.45082941293301
0.0103006272477044 0.0520859401910516 0.335322993162172
0.030486761580544 0.0999666319671471 0.78691597287207
0.0164720397802358 0.0669631171529452 0.500150555598147
0.0391852997912896 0.172338779198841 1.16910324463088
0.0183906497754899 0.0706618338141084 0.608959815683503
0.0156155457155486 0.0525582495031772 0.494005948587154
0.0174520484156717 0.0638403195235084 0.46033939129177
0.0324187566144346 0.163591140048402 1.07901084676591
0.0178826326513945 0.0941578272012714 0.591565965565292
0.04263315031387 0.172062157102045 1.31030953069779
0.0233033423779616 0.104258888993175 0.677774051397383
0.0227690983654256 0.14472594924191 0.568988236982662
0.014070388159876 0.0640142955939984 0.40413658716657
0.0165036172556522 0.0659612606647363 0.432534097238273
0.0128168911301535 0.0906836327723597 0.369679933689604
0.0118778671151 0.0647508460292387 0.371052976375241
0.0166007581226569 0.0545415196071911 0.469226366425745
0.0364221592568696 0.142100561286289 1.09542806087707
0.0148118961400883 0.0819520330147195 0.476603222201773
0.0155187027256219 0.0935727626154218 0.421019255391361
0.0269534585933599 0.117933355292584 0.809386667190027
0.0222781974703055 0.0866935880408564 0.595965124655657
0.0286479857701461 0.135842927517318 0.927497180060917
0.0157484446165741 0.0608024478662853 0.53527471542663
0.024181911097721 0.10658468350549 0.683439996696385
0.0228760907970478 0.0988365752550732 0.700733829757748
0.0125344457201191 0.0479685490080334 0.334150287440408
0.0257966236309955 0.117042184408495 0.774580858043891
0.0259413516703711 0.121274253679507 0.879605248681964
0.0293381297160327 0.0953661220388322 0.88820628690407
0.0202107078264941 0.0648735277331722 0.549204141195402
0.00922568883465036 0.0401783406798454 0.31431332363371
0.0175619540611628 0.0833555169134952 0.545662602660414
0.0145126020395169 0.064162181341424 0.453740523270598
0.00974010364572595 0.0368612882710574 0.32720746692254
0.0261859309418292 0.102595619757451 0.821780468276856
0.021366415190963 0.105000273822153 0.649230487245893
0.0212937370889976 0.0963448359769103 0.657210743610652
0.0198020265802573 0.119670365056033 0.506106542052237
0.0206851086485671 0.0629386274725964 0.560244704013093
0.0227500707585339 0.101134865580225 0.734383396553605
0.0179082241474914 0.0800601010821422 0.561181796069714
0.0196589555927268 0.101538466740031 0.6294432411735
0.0258076365293643 0.112577712029232 0.793135178517523
0.0187817281981806 0.0814104749035449 0.624903790601618
0.0470079944280351 0.153511805515899 1.20395977674107
0.019335047751722 0.0810004441152625 0.557722043222378
0.0215673621108151 0.0800340459906765 0.677824359249849
0.0161765275971104 0.0697326957684982 0.518121861565731
0.019042853370843 0.0655365572842806 0.541784678869666
0.0600535871130775 0.326975060199196 1.41453698130038
0.0216343845426522 0.0909620471070906 0.666822903067006
0.0305384227919603 0.112704106054534 0.958122108498841
0.0493564335086749 0.21167822766566 1.28861583836203
0.0775357772100292 0.321578071028512 2.081349710371
0.0179544928757218 0.061544781298396 0.467077562000085
0.0138474083140658 0.0540448903110187 0.433960408102668
0.0308128242059086 0.128198530014499 0.856240825455462
0.0295625489321745 0.103410090128254 0.827027465753569
0.0264576462510964 0.12399924914716 0.878473441302348
0.0159862087504046 0.0726042335079833 0.467280289880367
0.0142359301909289 0.0649327441142133 0.412515270620061
0.0157384505708404 0.0779267381212579 0.524231810339169
0.0249205981983383 0.0827798682890178 0.718061067783702
0.0249594365813124 0.118602667917936 0.766623246270837
0.0183567707140652 0.0766280166115844 0.595405281552422
0.0592095301057844 0.203229950957223 1.68021533973335
0.0161632456547603 0.0751631483273036 0.495974958039061
0.0127601898521184 0.068302304146137 0.391175802281195
0.039173908890827 0.176791602934004 1.07711568245143
0.044793899914072 0.192571846208191 1.26798475104942
0.0214436186553124 0.099466826937667 0.60025902553239
0.0130690755262601 0.0583331358138219 0.428246222319685
0.0173746929165443 0.0791559509358795 0.511597845643962
0.0172661420604634 0.0905366549235029 0.509108742280689
0.0169683147142316 0.112211556719485 0.471853977262128
0.031527131330013 0.156674740685726 0.94673777652836
0.0172546185204353 0.0772851226718171 0.487143060958978
0.0277896880463903 0.0818589041650537 0.71226879614179
0.0163422378282277 0.0598073986353103 0.531884809713915
0.0211922000037317 0.0898093802317717 0.636737174396398
0.0398802899704381 0.160964060969735 1.1639825330017
0.0155802304260006 0.0920473348924502 0.499211080824854
0.0221494135672821 0.10756459246526 0.632414214804984
0.0319461795493792 0.131136469927896 0.92312321483751
0.0135370219640232 0.0509099159074998 0.388600016742955
0.018734049062327 0.0783274986945051 0.539401555022945
0.031327313128813 0.141401144112557 0.895477072125482
0.0203347998393654 0.149008241857052 0.592456566318461
0.0226512570025416 0.0814019703727537 0.683102548086316
0.0154156373691704 0.0972389949488298 0.48322866357676
0.0250340315741189 0.0810469811274507 0.680649794159413
0.01520457973059 0.093419836004742 0.455846781866423
0.0230460915416761 0.100769021966889 0.759363797792171
0.0453480456270924 0.181671635029579 1.23380608297703
0.0262235399697875 0.0940280583428016 0.706730090958794
0.0203726658348693 0.0782658476391568 0.617882828720495
0.0309523028038671 0.183920584254604 0.833372669884163
0.0178519060750461 0.0662774250232549 0.521058378650482
0.0148496595989075 0.101388748700688 0.446151998700548
0.0371080069993501 0.133133856060225 1.02827301468723
0.021370412044327 0.0769858142840606 0.542678534648499
0.0204645042234623 0.0923565526431846 0.581159714475093
0.0326775972764209 0.138776663699992 0.92175079090792
0.0244131658571818 0.111822822405239 0.793680828988181
0.0196106659981077 0.0611214838804871 0.554190743131224
0.0194342330042692 0.0842114448424409 0.633080376670962
0.0137220237525681 0.0735573736440252 0.417423041569064
0.0135660562417739 0.0929008994283508 0.443691569535662
0.0179769060729348 0.0707710701143159 0.573114997163651
0.0134858910903753 0.0729851897408743 0.467010675751027
0.0111477480920153 0.045776264317396 0.340758697174372
0.0237363891713313 0.0865289347756162 0.694035358226791
0.0194120439657593 0.094511269361031 0.565138001912665
0.0218845320283021 0.0707829969768574 0.635063505791629
0.0192035384052694 0.108858179083343 0.597519822613599
0.0214175879603899 0.0790331669053252 0.703008442097456
0.0178696041165554 0.0873539419321987 0.567625645547064
0.0249704069772597 0.0762801745944956 0.704970566994541
0.0151948754141194 0.0570958461180396 0.470913608441072
0.0141309584149144 0.0453381655242391 0.350434493766437
0.0135782969969468 0.0514017075260573 0.440474653068332
0.0176837508506133 0.0581752582995988 0.485415696809085
0.0193149485549385 0.0869589948472635 0.545729929015633
0.0240046537006128 0.147823117907927 0.784769893231997
0.0226181823593666 0.17060045260836 0.686649788000733
0.0276563632230318 0.0918662118874894 0.823931371490632
0.0500525984713367 0.288301749685544 1.27626358962519
0.0165916336560747 0.0866278509358425 0.513883272214382
0.0153798889353058 0.0522436615827931 0.459562742591741
0.026509449495922 0.186866436902161 0.680557178150205
0.0168150723040146 0.0826253518056504 0.406050862631757
0.0226388377119356 0.079597427525165 0.57941372397638
0.0124730237837366 0.0519816313513196 0.401949707198483
0.0163140770716706 0.0522114339595205 0.49093674085396
0.021291652034507 0.0786524715746588 0.639310149902092
0.0210160255683018 0.0753503897096109 0.606835118622082
0.0172769190855214 0.0931200516616992 0.534117660588561
0.0300336824332259 0.128059619570487 0.962939478713034
0.024749841646198 0.0929191427341637 0.803375186195461
0.0242558749518691 0.123074640422425 0.751838114659251
0.0186412055215376 0.0652037469129052 0.585862067551373
0.0178216992271472 0.0853699154548762 0.549596397958072
0.0145159060137617 0.0649798133673097 0.484977658868384
0.0209276315504127 0.0909563817870404 0.61464292315254
0.0287768669723858 0.139473549458488 0.940345804382451
0.0181760085152288 0.111421937890965 0.57895289573106
0.017527054959053 0.0509336954857174 0.473041848425994
0.0170611354055684 0.0886518505761603 0.548002137892191
0.0263360935125833 0.0936209983894553 0.842266116268585
0.0152078632908802 0.0641154356586009 0.478728523774424
0.0259536976956088 0.100923219100551 0.751387690304632
0.0213695205836036 0.0667960637023836 0.523682985921052
0.0113117572859792 0.0367146836755773 0.301216503431298
0.016883471281401 0.0570532121565737 0.537906093498012
0.0226339946164689 0.108273758710715 0.68685508969881
0.0156312680227923 0.0662369860710526 0.507246156797624
0.0183792681432342 0.0717532042695903 0.541518754369792
0.0253740120394198 0.102620852732543 0.814734186021696
0.0163539933760705 0.060449951423533 0.475614196240943
0.0350366326872211 0.116636541710428 0.985486304024601
0.0173240481348801 0.0804177986335953 0.517898893097881
0.0277094635456372 0.107379817616261 0.860370679242629
0.0138914258080223 0.0549529521161035 0.420414752351039
0.0329528512061398 0.13597604638714 0.873894963859514
0.0318926614048951 0.111188743812694 0.982709107187333
0.0271972374520757 0.123087193111079 0.843540503627477
0.0151649352117193 0.0598745478344103 0.394949016921751
0.0221584873297439 0.128179125144406 0.664006759559672
0.0155515047384888 0.0509528037109554 0.447482524904554
0.0128955729329163 0.0605261697859129 0.448598123093909
0.0154810597581521 0.0690215342659802 0.470315659226706
0.0245028129729636 0.0998991776475553 0.696696869196639
0.0388957943388 0.110736195159513 0.919720100087091
0.0980683823346359 0.381988979181504 2.45480711514385
0.0188962495930575 0.0703041162627478 0.496319363297358
0.0555824649017544 0.198835259544148 1.55002453953767
0.0235642727686829 0.143424908231637 0.71782007912898
0.0126686639642678 0.0580811860883342 0.427445362032663
0.0261372747901086 0.0742037005354193 0.654026582236789
0.0183663569445991 0.0904355922732556 0.545753634196313
0.0277430205334198 0.103141014488782 0.816492282032728
0.0199309197832902 0.109208986678022 0.645630931313357
0.0115404798321687 0.0447965423592968 0.368455114134071
0.0206675067384978 0.0687859090870133 0.56288906351251
0.0175383363429531 0.0786536308722176 0.507785061745193
0.0110558676893874 0.0552309096724651 0.342319240428964
0.0122908899250089 0.0588429097105304 0.425620600675136
0.0378759749553412 0.160676491775175 1.16973987339305
0.0372868789773885 0.283269529614572 1.12022021485223
0.0165382795115168 0.0608946080851283 0.460350112261705
0.0165550885318831 0.0485657415952611 0.464974899630649
0.0216388035606683 0.0710148149840635 0.55887174321999
0.0250709173854636 0.0944686915971538 0.63364034624882
0.0294634310832597 0.109592540784573 0.863598430860944
0.014000323926121 0.0600333264161995 0.43084875190358
0.0346494188948677 0.196766423436172 0.916672670081226
0.0121942748836528 0.0652362654490919 0.40585292276122
0.0231786032656338 0.086836842339874 0.665056120157083
0.0371105132678395 0.140201358517561 0.994138141437012
0.0175842359080443 0.0621613000820131 0.47808134071184
0.0094560221825943 0.0347539920615124 0.294830869346291
0.0186053140427782 0.0869216801066559 0.608480598806538
0.0167808460300702 0.096507134142098 0.443749678294474
0.0305710350275695 0.12554561933608 0.867494266884882
0.0867045123392316 0.295741013796505 2.10419855672104
0.0304495599120417 0.101924864834378 0.947161665557292
0.0177523199754613 0.10070125193297 0.555849455838019
0.0114909074409183 0.0477129875608612 0.382816635749807
0.0284930232965585 0.164314338020973 0.796890918475954
0.017975578988398 0.0721626649514788 0.472983581564906
0.0305397453605512 0.224143435822149 0.853950995865189
0.0132400795060518 0.051626381820104 0.433126653420542
0.01596940334074 0.0557869572926368 0.45060775371586
0.025487005003234 0.11382028137385 0.72811840657662
0.0206011992702224 0.0684554572050828 0.619847209252245
0.0170308135816737 0.0938433360285836 0.510454646609576
0.0211059568929215 0.0736651319329232 0.614061340395727
0.0396424913769281 0.201951950200026 0.938123935233585
0.0237034865954005 0.122584959514428 0.723726965686034
0.0164873130815737 0.0772234500577413 0.557211807695263
0.0164290634539083 0.0709662563948414 0.513935279779647
0.0192632350474239 0.0894938834123808 0.60052962717059
0.0213155186164377 0.0923991477699754 0.638832926122757
0.0157269088283746 0.0579389711373068 0.453210306455488
0.0232686044109175 0.107439979658558 0.7889024433234
0.0205101872394269 0.0930190501244543 0.670847624097468
0.0289846577537769 0.105074122460931 0.816039998142094
0.0200067479254075 0.087285159118223 0.608922191527058
0.0137683694297617 0.058690574247413 0.41596319743853
0.0276137563009493 0.136086860340173 0.790189640457078
0.0112456042512815 0.056846570318395 0.384227720145578
0.0175710948140442 0.0818344395947364 0.525306510011591
0.0170710612926601 0.105078427757154 0.467587468815686
0.0262911278694682 0.115496818182541 0.865103871026056
0.0150887142173035 0.109697910968035 0.429514937642844
0.0151745594184689 0.0751958694716264 0.442946225186844
0.0181603810832212 0.10267024485689 0.585385834778933
0.0206295824110983 0.0745802650527844 0.645914956844575
0.0183177789424682 0.107048680664524 0.551611807659008
0.0286871978595749 0.109550826529701 0.776067445553336
0.049224153411984 0.216732318628607 1.53682426213039
0.0347245256408703 0.140797235981648 0.989490744457502
0.0193376963171839 0.0870994795103427 0.48909806514265
0.0244665378174731 0.131986128604773 0.685955809645979
0.0184818634657976 0.0810218422777522 0.531852212240961
0.0187848155393335 0.0686518457206693 0.578675829988704
0.0178588129424858 0.0783087743668418 0.57604616336893
0.0344954090462707 0.132384662191631 0.942566899034218
0.0304292825288762 0.163759728520852 0.867450599630956
0.0139669505600375 0.0590864186621381 0.467522315385677
0.0374398070324799 0.155532317897946 1.15910567622081
0.0136770662426495 0.0495420470139269 0.43283013563702
0.0513654482391189 0.263130339077065 1.51624503299298
0.0157774664429086 0.0674930598561556 0.501570648839866
0.0234106481721868 0.0798999004916988 0.709652711940312
0.0269370859672127 0.109567523654683 0.837714951008986
0.0293601102768701 0.133432602535333 0.811624367343697
0.0218593762800029 0.0918698631425063 0.677448642473717
0.0219014669020629 0.0819626073392539 0.579931666896984
0.0157263702232158 0.0523382696895508 0.42348946540631
0.0272574839935147 0.146772143678096 0.707229558961663
0.0384574424863199 0.123100089588672 0.986174125297998
0.0280090877926762 0.119449739544281 0.9166217939532
0.0145444546494396 0.0683384433973356 0.434420029449555
0.0345030788028825 0.125035072026671 1.08788994796502
0.0143240133750744 0.0594335694871102 0.474008587019679
0.0183282626671293 0.104096598198579 0.577913942012917
0.0168279926748794 0.0714045966904888 0.515975702147344
0.0202316244368414 0.0657585692099255 0.597989400862443
0.0458754770401901 0.228413521268731 1.36568412617853
0.0209428445698248 0.0657649366371588 0.605230540774078
0.0341861032081921 0.151786429601051 1.07273500658713
0.0131807635552979 0.0550862983895661 0.406216122408906
0.0248532900220479 0.0986283061768508 0.753998012142045
0.0314625387532253 0.153106867346455 0.940326174877044
0.0280389492945789 0.0939202270380552 0.703363960584634
0.0208994960146117 0.133842355526879 0.575222917946144
0.0253157939592209 0.111770011417918 0.735089499368847
0.0168156353058579 0.0533405046461034 0.430689249156545
0.0353147712947215 0.131999248645733 1.09891976016949
0.020989732404713 0.0871581722426561 0.603244906820529
0.0205000597204248 0.0754901803779017 0.625174043763641
0.0165114116344746 0.0679633034367601 0.495911257184132
0.0275913009427763 0.122488554173896 0.876691099522059
0.0388455523148114 0.166943445077693 1.05676350023829
0.0220660220757178 0.0846490221975582 0.673414341282285
0.0259368882518074 0.201094739657527 0.778043796309801
0.0217682021184922 0.0948029308881748 0.670411737732491
0.0715372245565311 0.281183348849544 2.01226996525169
0.0217045584064067 0.0664850428882722 0.631286717277648
0.0131844405226783 0.061731655355305 0.436338374720797
0.0336420590737673 0.142968895341897 0.889397311548856
0.0169917257865226 0.0724495522482238 0.496393840403629
0.034859203201814 0.174763184474924 1.11242268258
0.0209102042279583 0.0729688131010124 0.634416665315002
0.0147365046933265 0.0503490893769102 0.396234387470753
0.0173518709795866 0.0884476862209379 0.520016983695741
0.0506946549142546 0.213783737540793 1.49653412560595
0.0125809202182974 0.0776774210971756 0.345710648769509
0.025119153072665 0.106827018805998 0.776322794158927
0.0165915874617899 0.104010591494859 0.475714786671233
0.00780049181355029 0.0518777130291616 0.229589488152482
0.028705209248696 0.136296047321749 0.830789432729508
0.0269249259030236 0.104980114642507 0.755951520507926
0.0207088505255887 0.0584399636459396 0.537545665457492
0.018041919129818 0.0715164856804509 0.524142627750276
0.0314784495074063 0.113467513837777 0.902539229978429
0.0323864802217061 0.213921095985932 0.903247256113773
0.0178361336928319 0.0647512087088105 0.58958819352757
0.0244634720520664 0.109056231901889 0.77062750624542
0.0223496700700438 0.088003104220665 0.708834057903523
0.023145376253858 0.101708508755608 0.670664479425414
0.0253142254721153 0.148750504262968 0.673154563770268
0.00979732397267545 0.0402554231749551 0.274930367731001
0.0243305148030743 0.0949230690665155 0.776190115075085
0.030384286493615 0.111451450899247 0.956146702318344
0.0211684819078574 0.0876582040510251 0.645813824492659
0.015697272133433 0.0767001737352008 0.438527438319354
0.0267086850566331 0.196228833630365 0.808336188731903
0.0308862630564707 0.197973769336514 0.818452888141139
0.013306892147769 0.0588914757143978 0.428602275052319
0.0345948929474552 0.180920270470318 0.972061286131433
0.0435126129789671 0.185186710487752 1.25387790919308
0.0286674221378782 0.100519298960062 0.803917653057331
0.0200824504000017 0.146170749219956 0.612008853948848
0.0203300183966711 0.0765626167171962 0.661059647894494
0.0358958705938709 0.12617943218306 1.11952473592491
0.0333411271605317 0.128131661521424 0.934436742391065
0.0154927113913602 0.059904463503441 0.412893068462314
0.0170498636029802 0.0961414727694877 0.508061627766988
0.0307329807329614 0.152336669916551 0.986393070011021
0.055028357233765 0.26262135312443 1.60584679848267
0.0117806151398848 0.0464329332365269 0.348298138201506
0.0117842636098224 0.0736203659788788 0.366849997217082
0.0297328190295375 0.151033728648554 0.973029776494003
0.0253697352574234 0.165619066434203 0.810632492271747
0.0285117710042256 0.120028070623949 0.841220013881382
0.0613501494842707 0.272125681196764 1.48509075359622
0.0184847331123107 0.0786138926097226 0.50131074128275
0.0265364965059754 0.0968247315278169 0.747578520094219
0.0257368032781359 0.13055016160779 0.797561952060209
0.0222809406902424 0.0837056383723924 0.592343142613783
0.0148773984950824 0.0752684963947211 0.407244595627987
0.0258724230835959 0.0835834713337613 0.668520495237238
0.0585004079440303 0.220331297653263 1.72618916520857
0.0191755763932277 0.112993320260406 0.584692799507125
0.0526084948663835 0.26264985548391 1.55826399730137
0.0381704840591469 0.175549443578349 1.02469956896933
0.0209769988898167 0.095750126725702 0.62746669334761
0.0151875677852183 0.0584121128182998 0.429421376194039
0.0267022182579208 0.105647925529932 0.72572939613947
0.0130461451139924 0.0559042925291387 0.397004215959519
0.0184675952225535 0.0977413789976685 0.542420035638817
0.0214448537370836 0.0936334945148095 0.727702184719759
0.0148882098774244 0.0538994767362635 0.388155035331372
0.0110857798428131 0.047982264580499 0.328629818670559
0.0615428049652501 0.318931086556606 1.54207963431509
0.0353258406989814 0.116974543520274 0.898747787971447
0.0155652296569532 0.0670070704182615 0.471745705649569
0.0121395142808907 0.0435694067504744 0.384204361289362
0.0218617950960927 0.0773752520038955 0.676735421242138
0.0193663931668289 0.106288519066643 0.570376584971391
0.0130831612539534 0.0471695317206917 0.425544071052836
0.0241823566401092 0.0860128885098858 0.745444140161659
0.015426669483952 0.0597249535268296 0.50443372474743
0.0137985618536935 0.054849568112821 0.436618683060344
0.0170129253755289 0.0737950575257735 0.529353818919729
0.0103000444078125 0.0442650942060407 0.3255965586557
0.0309881969276647 0.145315239895411 0.92706671673011
0.0163076926970257 0.081803010317675 0.457491772565302
0.0183834861112279 0.0867145212966234 0.631676105143189
0.0441407120878755 0.222377334413879 1.21538674877834
0.0173657358963797 0.069110829540612 0.496132159242307
0.0206155402148104 0.0883206025571323 0.591392260744244
0.0312137640329538 0.124429470824197 0.883167370868967
0.0198425734509383 0.124752496410691 0.634249795014678
0.0136247428986388 0.0486260479260995 0.438160241733109
0.0200096843940563 0.0977328582625836 0.643600192519923
0.0200356493025953 0.151979843393628 0.589455759575468
0.0110678263173758 0.0814780944327987 0.332549833227453
0.0104001167691832 0.0459103168837333 0.341750706280065
0.0353516860695729 0.15770765079827 0.985843346314319
0.0357659886405491 0.158359596658607 1.10607373143296
0.0385057335113043 0.150327827746362 1.07396039072451
0.0112796400455047 0.0578304002204852 0.363932646943633
0.0218574898026128 0.080833599276607 0.612557730349661
0.0292452249125898 0.141816353472269 0.817207587170241
0.0162309794659403 0.0476300816093986 0.459032476429669
0.0195934381286102 0.0881677587833999 0.539381745331762
0.039506360702071 0.138068619265283 1.1465437099655
0.0317601639755464 0.120451644967956 0.93344881931615
0.009954634265753 0.0381766451074004 0.334006532491508
0.0324044033145514 0.157958423682765 1.07169378841389
0.0241266598055759 0.0919938560214179 0.771323299137246
0.0177796858056587 0.0797799822356842 0.547330487987885
0.0369993180944671 0.165641591174267 1.01186722070372
0.011644090703088 0.0539637491830691 0.384413554967124
0.0264725741628299 0.0868928960351708 0.738377690323526
0.0333898892448297 0.131770945502814 1.02820331960042
0.0142674153404432 0.0885335221266978 0.431476749811201
0.0131648449384409 0.0648404938470655 0.447845495112307
0.018582601923613 0.136685441860879 0.554520603434799
0.0163230091412639 0.0622636202297813 0.449592561213208
0.0154307763482661 0.0697234319264626 0.427264776557295
0.0292738696417998 0.137650942702454 0.927375095007072
0.0192052050322471 0.0850703763953669 0.583375694201443
0.0524435645246662 0.245435600958533 1.62571104896468
0.0361508081362707 0.145294005423498 1.10399299182548
0.0243852322783509 0.101566506658174 0.727423650793595
0.0485514775682116 0.16413636422943 1.36232510627164
0.0230007295469029 0.121696138720662 0.705456043815493
0.0264158230997754 0.0972786631801298 0.704412514932992
0.0279479238178906 0.0870390334892045 0.756670158664006
0.0324761162797816 0.134492004890261 0.951416695900611
0.0218255749721323 0.186095283740608 0.616149295967614
0.028430241066922 0.135938857828858 0.787400239044747
0.017651254495226 0.0651479814334274 0.522433267681119
0.0202139707030643 0.0967576120524316 0.532010144404909
0.0129221223906087 0.0561372721544469 0.414880178791483
0.0300380501003369 0.0945631407141042 0.779014300382021
0.0172276948411301 0.0717724719055494 0.505227196881144
0.0304000322982716 0.115819752599311 0.868810159565507
0.0184913854098341 0.0837783066650701 0.572832771497331
0.0170278123970267 0.0901450910027366 0.51611915920232
0.0236660942399335 0.112791032303785 0.816763238872005
0.0132954164111675 0.0449172763996804 0.397591654112875
0.023833828558378 0.126363583296456 0.775504042624405
0.0277637633144206 0.123239599141613 0.920120542107558
0.019678327189128 0.0795780324072046 0.592452770712492
0.0150092898782167 0.0505759868675902 0.459788810693336
0.0360817118694744 0.149240049054626 0.960828139778088
0.0198519314260065 0.0617129869462573 0.590584545620247
0.0251979538951347 0.117782528790974 0.783205197465624
0.0118295163098954 0.0362494239558115 0.341759500818124
0.0131447395999847 0.0423913407361355 0.392285768539839
0.0175381113010531 0.0758652280855849 0.551202234720936
0.0207723180501193 0.0887726361311885 0.61049617038561
0.0120286080919847 0.0454176846344951 0.361089286378945
0.0122974703362168 0.0434570518390222 0.392767132422413
0.0163808847965441 0.100049346466082 0.494008481103267
0.0226809130401388 0.129336648263602 0.659852936226776
0.0134146296894898 0.0809673622501767 0.408160658998424
0.0316238667515152 0.139324680389803 0.983292309200256
0.0144145071049243 0.0750282489241954 0.433408685504344
0.0307359568018407 0.144777813975097 0.999872107435164
0.0228489842780125 0.0805278459803741 0.588022234046847
0.0179296100081242 0.0631108415209842 0.56594833018109
0.0124516192068938 0.0563981273920758 0.433393012008342
0.0255418090313713 0.115863475478849 0.805160677844431
0.0270060076730585 0.103317798827557 0.790349729620483
0.0307529567926874 0.118588009655593 0.827484563786593
0.016321638248202 0.0860246924231263 0.508312837473463
0.0161436324912759 0.0719739947959678 0.475249449270735
0.0230633546407381 0.0782422680329107 0.692670678722852
0.020467941954581 0.0590236101308833 0.558783150945831
0.0144806549007076 0.0564965199804358 0.426106277522612
0.0320981728363398 0.141795584499111 0.91141590143723
0.0173021635845275 0.0672236599730306 0.510872324364911
0.0201167810243247 0.0849008964494328 0.587598732845296
0.0341944827215813 0.105018115796751 0.830972437490271
0.0123912340943971 0.0412774161641277 0.352598911381232
0.0170586306513814 0.0630543132671679 0.508625322788292
0.0227720038094952 0.0695356562663901 0.652234479621352
0.025228092318193 0.08035834889419 0.721107287841525
0.0206766890063149 0.096965336615015 0.608155977796465
0.0140133915207584 0.0481013607753706 0.42489697204168
0.0173152774904032 0.059505076397448 0.468104354623379
0.0192396410156555 0.0797745609659908 0.580269393493364
0.0178182837974284 0.0768451877376407 0.509354173401829
0.0172464106192748 0.100054488787998 0.518758626859125
0.0341173770035515 0.200986592692042 1.07931317290406
0.0362422114000377 0.136434542122204 1.05626586769715
0.0894016867764702 0.349278231935986 2.29947944812891
0.0272612749178163 0.0986735013831156 0.786889156997741
0.0179810973200681 0.0711662729059704 0.570062480546819
0.0220469948893914 0.0793043575733163 0.576283780315917
0.0218512038841336 0.0946934168804863 0.669040931211056
0.00953404799229484 0.0379297724554792 0.282508405515411
0.0316724142349479 0.149001483006114 0.874105107785752
0.0141838584700235 0.0627999204427212 0.460789090560391
0.0272711745854292 0.102872536905525 0.836721409589252
0.0115719911812619 0.0425879986965976 0.382153438322362
0.0283917348883763 0.130049044001422 0.951628291600918
0.0469452687179357 0.170371656915863 1.39739633731461
0.0126668954747132 0.0811359485304083 0.424152901504389
0.0216909235889276 0.0814677071056854 0.631347401529639
0.0190502271182514 0.0926528365053029 0.558654552029658
0.0107906033673798 0.0524741948535045 0.333273909627187
0.0354605241498633 0.114649482892683 0.84818736044911
0.0204892525336829 0.0661374431353375 0.497402615543515
0.0235650430356531 0.0990467919065454 0.757035029521833
0.0209251485468605 0.0865115552942211 0.659138579472985
0.0668453769978893 0.264883434294066 1.87146691421851
0.0242764735061451 0.11954527513448 0.667169569494842
0.0189799488420715 0.0739310882489323 0.505315215001324
0.0228813932813204 0.105318671588321 0.675612445656928
0.0216989400513209 0.0726467396437281 0.632072800485051
0.0390279007632871 0.153025340881506 1.14477021258959
0.0283959546495546 0.107365912464472 0.751910941118529
0.0258731859031997 0.0834868750632365 0.62980136710606
0.017450183050463 0.100754167520187 0.55491286230601
0.01791102684756 0.0626795722381035 0.508877039954603
0.033735989385587 0.116515140376352 0.986069893588288
0.0157289288305334 0.0604715991680722 0.535641969751722
0.023094104350058 0.168277932261232 0.707403008636284
0.0171761319952204 0.0733882110031556 0.554031342063682
0.0143299623374044 0.063616454476733 0.385914157588572
0.0167919908338875 0.0741955541249208 0.520837834734436
0.0176986843865825 0.0605054605148462 0.532939036770639
0.019448826175571 0.0700358854752768 0.55262281985942
0.0271151949092059 0.160779391470482 0.780924501308281
0.0176280684787288 0.0930109362099752 0.585506302111883
0.0181473853749068 0.0643718011159939 0.534365631545445
0.00974139092226061 0.0550017189219732 0.279986687662242
0.0235155188549295 0.093771885663768 0.705029227256855
0.0203299280576421 0.0975894072796198 0.6152119636025
0.0228833949548256 0.136680143245028 0.676920253195844
0.0220165023108822 0.0900293839674826 0.677163922115407
0.0169263335473225 0.067041006365368 0.528148425797183
0.0432697168666739 0.13376756364636 1.17012191340483
0.0205036300887738 0.0695906724515165 0.62022420270444
0.0402671029387167 0.152010423906671 1.08221991485833
0.016066375010014 0.101293231760228 0.474684600107955
0.0144306971005724 0.0461707707395877 0.411905381728457
0.0268754806201066 0.177980109900738 0.815921206505827
0.0320544624445934 0.118675658036357 0.963202953420702
0.0301917419003156 0.109721730359656 0.842476835804503
0.0263937054871467 0.137574394871764 0.763566938774069
0.0246681448076379 0.112808162133097 0.73761907616949
0.0194964910092979 0.0831335773794657 0.625200582331922
0.0157923985909062 0.0707886149090512 0.533717031241905
0.0150238123064312 0.0752506514001832 0.48103020717376
0.023096560928812 0.110664459951196 0.659766129224992
0.0159662205443042 0.0760921330141782 0.511909269391777
0.0166628670401822 0.0889419756915787 0.5272818736129
0.0114334796668957 0.0457579434496849 0.355260806584609
0.0139948144336238 0.0776651156861069 0.411651568382439
0.0152561224067064 0.0662327311452342 0.509619753380377
0.0105477155062867 0.0587182919599073 0.327076921060928
0.0393679490779609 0.14195046532643 1.05500298258315
0.0243616884986611 0.0966380806692153 0.735130655696445
0.0309645110946184 0.11215326353226 0.81796282548335
0.0195439356072541 0.0834688424096061 0.612602047897109
0.0216806181432067 0.0943333895696153 0.662490440023052
0.0128079648058763 0.0606876734113517 0.443061261175916
0.0169502430534395 0.0586584246589398 0.491807410417413
0.0160285984473953 0.0675578866181314 0.485186188697692
0.0124425682394068 0.0460135344546813 0.368340200236092
0.0207431045632557 0.0672171486934767 0.61674798159634
0.0149857526418528 0.0824935093279688 0.455792053906747
0.029276731851668 0.119930285831454 0.910625888625427
0.0141936242345219 0.0737512152330383 0.48981897727226
0.0282395101061869 0.125670728543755 0.739503607279822
0.0255539158696279 0.120077209006945 0.778590322863195
0.04563101078098 0.2591678222221 1.34483707916835
0.0432090957051581 0.188777778387586 1.4000348284506
0.0327679809168217 0.149703225301856 1.04347894989776
0.0286762498474878 0.124785838269199 0.849169785811099
0.0183432434603344 0.0653848445619085 0.557111811422422
0.0158445204716374 0.0621712821565817 0.440404008030823
0.0216474576569219 0.0867706417791809 0.680389411660913
0.0151152737003053 0.085973634124916 0.449635239835863
0.0348731660595711 0.160500576393838 0.956658477824363
0.0223871435666248 0.100132003091932 0.672266960235108
0.0203998177074045 0.0868234817357452 0.66049252324431
0.0111461539820431 0.0439751238138815 0.336730856086801
0.0241590913786537 0.103754687810507 0.802368154104266
0.0166464026943432 0.0503911211256375 0.479406690344665
0.016183471730192 0.106488790890771 0.457657364228577
0.0143219868663951 0.0490818823634452 0.396909533790476
0.0161987081660373 0.0771389016579885 0.486983907555773
0.0333865456807382 0.138262717644566 0.918718738614872
0.0256613574177689 0.102709961200299 0.743760639669267
0.0154696893610328 0.0659865546377666 0.506735566740516
0.0228228714951292 0.0889896440744209 0.651008444901023
0.0108277475174462 0.0329117029731956 0.294813349108146
0.0253985872838614 0.066811003030339 0.535497214187532
0.0231219269104845 0.103109161871653 0.671723275940521
0.0360757470025826 0.10977634397181 0.820315891925113
0.0294143872255258 0.125724691371297 0.892133786471971
0.0166057647056334 0.057292142565225 0.502395515511883
0.0128380258545648 0.0457988953178667 0.387027491406713
0.0184158363848795 0.0949829102534344 0.57083149188882
0.0303873933813812 0.12374665614311 0.941537302964321
0.0135862584736667 0.0589739704871995 0.416331199340168
0.0166695501359705 0.0652934942480633 0.432524697216733
0.0227079546774574 0.0847051735568721 0.732237390897452
0.0208988466771032 0.0689999618018292 0.61896227499468
0.0148671690921901 0.0606699276994135 0.471768552337848
0.0187094151327074 0.0830770470468104 0.586000172337929
0.0147877319360665 0.068088013153759 0.364515862925327
0.0190981602309892 0.0693344287333731 0.497460464239543
0.0203732767959239 0.085340534538326 0.640028180101102
0.0164430139399324 0.0716144713743288 0.563159838677163
0.0146987935343416 0.0618214077261325 0.421965961975461
0.0194562127338946 0.0891099612286862 0.590898494774569
