0.00338315486003801 0.0608745460209829 1.09804857072877
0.00255281361754586 0.0423207205082908 0.818776536837621
0.0048521733836777 0.0681163678662373 1.49631598965593
0.00283829180261272 0.0495468057472629 0.96840621143052
0.0033766951079779 0.0574219396532976 1.09299355404123
0.00297624774825082 0.0463994490723033 1.02339727432216
0.00303224594261421 0.0526015618480219 1.02477837364008
0.00309709761278436 0.0473772630597909 1.02183909673736
0.00316497586330884 0.0469071087806892 1.05792439311883
0.00315426094106007 0.048414486908902 1.01662118044595
0.00257641903108361 0.0404124387893442 0.821477279442679
0.00299096473171227 0.045002312055381 0.994018331069408
0.00375732068191524 0.0516893109718758 1.19052047090114
0.00222674022283125 0.0392445211553704 0.740330676733617
0.00325149858830417 0.0480065073870589 1.02197340460574
0.00313128749776582 0.0667172358429377 1.04830637051604
0.00378321019028663 0.0623418837654085 1.31180450723348
0.00284196216711182 0.0439286668362677 0.934405595757409
0.00384246276971019 0.050860350774523 1.21514267957516
0.00332588786151899 0.0759489685186593 1.05799096837076
0.00319629766450194 0.0496315370674215 1.05351647998388
0.00427906901246525 0.0684432086054773 1.4091564991807
0.00338581293842118 0.0505183785269231 1.07300677902171
0.00313684562613012 0.0474219513627083 1.08290977623402
0.00428551862385623 0.060588112920613 1.41625998756688
0.00320136565599212 0.0515434691552664 1.0744791765042
0.00274655659843327 0.0441783288393602 0.974900932557972
0.00337234691978251 0.058910276035932 1.09200852665886
0.00264103941676008 0.0504846595448137 0.877483592166053
0.00320354394339406 0.0732021856290381 1.04170283357508
0.00359064339489886 0.0873004363982546 1.17782421721645
0.00297646425726702 0.0435193513404857 0.96507999257109
0.00281096721201483 0.0398045616828998 0.944207754936879
0.00263249121830324 0.0423476058195441 0.883482627750228
0.00300910881990301 0.0572090485599843 0.945625742232441
0.0026280196830858 0.0389416240977048 0.869717359210896
0.00327576372103536 0.0654804568140281 1.05455156304969
0.0035301988395699 0.0628966393268027 1.16237288088424
0.00471513880996352 0.0947452432696038 1.45094677074881
0.00311787936668178 0.0531402927562058 1.0204999866225
0.00338365457551862 0.0558269251169578 1.10402804668068
0.00343278906602622 0.0631170097292984 1.09335137209752
0.00326264461346216 0.0520736021493966 1.06626570641426
0.00297116768458373 0.0527579934941068 0.952691162715308
0.00449540028443836 0.056596908655064 1.47338079168224
0.00264844458314089 0.044702495117103 0.865893759034882
0.0029366976696188 0.0449205475244279 0.961661584600251
0.00257368810207776 0.0500883453585227 0.832919459741194
0.00265327181535894 0.0416746736084303 0.87647657892073
0.00319832043047611 0.0548910251209674 1.04933640017771
0.00315063444859042 0.0743892458259051 1.01249852553671
0.00266850103843492 0.0479060316251324 0.864672605293778
0.00513219476621851 0.0891327573123505 1.71063848897888
0.00363227023409826 0.0515046471247141 1.19770742354763
0.0030894429213526 0.058747066401544 1.01862322825738
0.00345711285739179 0.06023427554677 1.15805191140607
0.00347728168690872 0.0677032608638429 1.16696712230708
0.00436218392074901 0.0747806015321691 1.39265732621975
0.00465865704713496 0.0929665968198834 1.45382536717257
0.00345595545334528 0.0559123272156311 1.12107914731256
0.00536060336662411 0.0762036377932818 1.67928005772685
0.00289670935880198 0.0529225233800426 0.985457463104202
0.00371104110365892 0.050372064979896 1.15911177139059
0.00321473272461724 0.0495865569912323 1.05239712840464
0.00405578053625674 0.0746489513521556 1.36371638642011
0.00405275841676745 0.0820732018737565 1.34112708723765
0.00322572693393135 0.0497540906231377 1.06305273762023
0.00337902723187549 0.0503044469467039 1.10481478940811
0.00461144292385855 0.0783416596836563 1.54332417456754
0.00352302826618924 0.0541492090297289 1.12020956298155
0.00403289173962112 0.0690907996917521 1.28356341812712
0.00265709151617192 0.0475156682019997 0.871682003479171
0.00351285729471397 0.0717109157273319 1.19076909528781
0.0030601607858564 0.0594765486513468 0.968782448014649
0.00253647555688707 0.0424205699065173 0.812439033914263
0.00403488695542507 0.0655121427093785 1.34948518295331
0.00455147332375646 0.0693750841878082 1.46835277492748
0.00356265169366908 0.101188859462947 1.18213956601821
0.0040127088443065 0.0770798836196528 1.3190698717533
0.00320804074178635 0.0546063353449295 1.04186320858137
0.00522459993910783 0.0820533307963203 1.63494922671313
0.00497877993653259 0.0789517416689246 1.4593794118771
0.00347057683055258 0.0636400651973696 1.14238475141225
0.00461841469686168 0.0828800850841318 1.42518050707924
0.00308376475786783 0.046746046748373 0.953576478167057
0.00347709563168324 0.0493972756664377 1.10555314246159
0.0031582167297693 0.0453570198212544 1.03918143363744
0.00382726693577283 0.0568955315021463 1.21027776860319
0.00298085554291436 0.0603289010564454 1.00768526061893
0.00291273583538201 0.0450544704060673 0.933706525434226
0.00312780480668989 0.0775853989781498 1.01335517116498
0.00331451856949545 0.0606027213808057 1.06615499810862
0.00277245887351615 0.0433771724458332 0.940253600757564
0.00308960818713747 0.0498789724173652 0.98597910734592
0.00323311159192324 0.0523073997631966 1.05453150098973
0.00412526560565711 0.078514048693031 1.30364948438384
0.00312412499856785 0.0497495799163201 1.01779493125532
0.00451155930801507 0.0938822381398325 1.40428124064212
0.00361277259090912 0.0717360230421314 1.20387836590089
0.00323934164873688 0.0568983359598287 1.05746866771216
