0.0693458700735112 0.316869942652965 1.45940267681245
0.0431323914222194 0.105665791124067 0.748717352546931
0.0704245339506036 0.280168094759356 1.35615978829127
0.117878098139648 0.377476725031767 2.08073505959054
0.0809536118666973 0.281810822101228 1.54602548587473
0.0634618608462778 0.195491361323596 1.09056351683983
0.0626062667633305 0.195862920039901 1.25865283336006
0.0752056741173933 0.19143659836953 1.46322979742621
0.0520789020950239 0.219405462127953 0.99094273864867
0.113332223166559 0.566250072887259 1.96183476716614
0.0715743897716975 0.264929205992909 1.33138109292798
0.0601818501838667 0.250258576667179 1.24751511748664
0.0613839707948582 0.298913508573668 1.18683871694556
0.048431558962117 0.155118121166377 1.00115046672374
0.03683609208226 0.113224185052046 0.763683335654516
0.0943404514054555 0.305755514743536 1.68629745515424
0.146753489801024 0.398619582651452 2.2253616439369
0.0573851704773923 0.152118854158857 1.08263831319024
0.0884055794417922 0.282452590800591 1.59740822302958
0.207603998215286 0.508677307028191 2.55017236201285
0.0448722150775464 0.14598692679298 0.967100302848983
0.0490187353422072 0.195547650732843 0.962736214672765
0.0577731500533041 0.17470050496804 1.19388801345389
0.0603806383356318 0.198585096000468 1.24218630463958
0.0379315985722168 0.168030841593848 0.790295484940075
0.0754146350299933 0.230246828236655 1.55743456483896
0.115669322976167 0.329315267739141 2.03239912832264
0.042379685114343 0.157355212256355 0.795008699191635
0.085521752003065 0.224128463576428 1.54246326100222
0.0713794804519446 0.236113728851632 1.52598447265458
0.0875367866544073 0.292738386081658 1.71955432665343
0.0742149564226957 0.373252981234575 1.48326410106374
0.0510841881304863 0.162805327215794 0.912269555131254
0.0388408762049657 0.127143333311529 0.879147003673604
0.0948174994643254 0.287658311233517 1.65706665995876
0.0446481187729852 0.240700023107122 0.916415420029613
0.0628876113054567 0.254522930049408 1.37161695711136
0.0718027676391429 0.219774464115198 1.43730057607385
0.0601524097695268 0.169880368657306 1.14135784870278
0.0799716689002883 0.273378002724482 1.6189173450119
0.029151135222328 0.128553413754769 0.6929430171758
0.0773184445382617 0.266853303129074 1.6049213641759
0.0384187624745304 0.134701247275386 0.811559489691486
0.0673748403862998 0.173004082773872 1.31349647451342
0.0429744133535792 0.125785044674836 0.764439464683104
0.0613311038333706 0.153137055403505 1.09167858749947
0.0987596956440937 0.287149581968734 1.8359598901068
0.0541765682564883 0.162723509532423 1.09530080204283
0.0224069485339014 0.109992376174927 0.505174432930093
0.0778256843925933 0.262969563744866 1.57634750848961
0.0760794802485203 0.363134695413443 1.53198690192591
0.0436648835269828 0.156951613796379 0.953594009562013
0.0496258011309064 0.126843735150329 1.03657040389463
0.078277249828602 0.354528032628206 1.36357024295559
0.0483063274262607 0.137123153402807 1.05026252068983
0.0758087403328798 0.272883927581205 1.35999098945297
0.0366144278136076 0.109445284855493 0.731176408064081
0.0683970299024252 0.205108335287332 1.25854917702246
0.0610050372403532 0.219844861392295 1.36345670342081
0.175980581565865 0.535189404685214 2.55526207311749
0.0558928549095811 0.205099579470156 1.24660311765679
0.0580852709331346 0.158341359470496 1.1141151248308
0.0490197824042816 0.14363950027337 1.00100880280972
0.0594096888881952 0.195073843430665 1.10757391129786
0.0730980247186107 0.199818970572377 1.34333002820474
0.0320030715547648 0.129366540937948 0.739898628982053
0.0607808658820332 0.300504621764639 1.10606615076512
0.0877018080012469 0.273007740076617 1.51089968685654
0.144940905438992 0.579175690754679 2.33930552828524
0.0879756275082348 0.399150408513947 1.69705508371124
0.0973836086328584 0.384068673145172 1.76286497098038
0.0665581281684272 0.170829864271735 1.14048915543071
0.061238844417314 0.284961181112927 1.23378679669833
0.0396611011887867 0.133074409501173 0.820723505712324
0.115809063223702 0.37347633535837 2.09945390988831
0.0909055425991422 0.33412823645126 1.69620517948843
0.0474921313972904 0.143062374634417 1.03233196807122
0.134580878968267 0.452907381165134 2.20080048166879
0.0598678888479338 0.231864119970199 1.31444696577034
0.0758666389470778 0.326971573750732 1.64280680707757
0.0552397567898851 0.15089548627328 1.01558024125553
0.0409475366620754 0.197476988060292 0.862386051760288
0.155803822969066 0.453844590411982 2.39278013472551
0.211189402537986 0.630069575964889 2.67344993835638
0.105820653306638 0.299776814408085 1.93141907251706
0.107782069589627 0.333301313761354 2.058987310572
0.0575406479164128 0.219170600883219 1.13834834596607
0.0377331910443374 0.133056155825981 0.855049615385695
0.0920599555760395 0.32322179561274 1.71037018460487
0.043693233961822 0.198176574371718 0.834105211783741
0.0247234997366675 0.0910770654861494 0.563341853094887
0.0963821810866699 0.277770757529929 1.75200628421153
0.0376603587823879 0.131138886588587 0.832035243018192
0.0771020962050402 0.288370241210493 1.48610039473874
0.0599163246792594 0.17549284210005 1.22085863907495
0.0622290141921392 0.185843762511319 1.26614860754362
0.0618200506054576 0.173330624391729 1.10671710860586
0.0312666683720601 0.0947440988019859 0.641151698186754
0.0362271824145127 0.148434137081958 0.736985417969837
0.0920707801910153 0.295818374846042 1.79812538304702
0.125722074704433 0.341426696883547 2.13166468413566
0.067369538507883 0.368447428746947 1.22652065337508
0.14783645474818 0.417155955288749 2.3795887460707
0.0517504385065026 0.162579428729876 1.09968357331379
0.091614293315875 0.266137810979152 1.69518665238642
0.0373030213617002 0.108978988864662 0.702250070518895
0.36836480486253 1.00170890539598 2.96097255504159
0.0375006704426815 0.133957934304019 0.808032623121169
0.0907946806537423 0.312616707364126 1.83812086419416
0.0432482016390051 0.211206863535495 0.901483475130997
0.0793867667459982 0.249601074879676 1.59929035948081
0.048919470384245 0.247183622903005 1.04589245923283
0.050104289164973 0.253236874113816 1.08867057759883
0.173214755740296 0.462441586692963 2.29756711316963
0.0415288736626243 0.13213778940675 0.832639673272107
0.0582230684080716 0.167733700137257 1.1978565470972
0.0356646922044255 0.108757154877709 0.666431709524433
0.203148218922776 0.913578724084797 2.50644005833853
0.0678082960175918 0.35618967687658 1.40029447087926
0.0604069189611695 0.318407893011287 1.19110120650694
0.0508145785731979 0.163397518547515 1.06464943829605
0.0787362663844805 0.233956106377464 1.51293077228746
0.0609627778829755 0.218742277898817 1.12854679904222
0.0470857052388789 0.191791789317349 1.03851174126821
0.0376162523683324 0.203529361185056 0.750297828443437
0.0500423180437857 0.110275226906353 0.954955080682892
0.0899472674432328 0.27933985767486 1.70638609539927
0.0471304447255872 0.178719261200017 0.837895398351959
0.0831739948776053 0.264792161875399 1.54199995649584
0.0500615994391453 0.244486410834764 1.03039169957785
0.0498530714056637 0.269955584711798 1.00881879159698
0.0512518457003882 0.16269159605133 1.10330220758995
0.082023832678505 0.264622123981545 1.6700173534913
0.104515184118268 0.412299158963805 1.82958466170966
0.0443527227208321 0.142676229691258 0.938721760080852
0.10008045862642 0.353647618714832 1.86316519388902
0.0531062472579213 0.135258901225414 0.941918628168902
0.0481805136692316 0.150869670066181 0.970839956644009
0.069194824467798 0.29126950822557 1.43127946934436
0.072343612751969 0.204984215508808 1.41880117460049
0.0558723122429911 0.183350880651977 1.18276541253007
0.0611226162859652 0.137771895352038 0.948342824814669
0.0571496622307373 0.198327274849336 0.949841196170026
0.0430052940607109 0.126647232008111 0.85088999309929
0.0520095311399418 0.23804778443414 0.970008943759308
0.105804449526716 0.260918319321157 1.87863137829128
0.112948288318762 0.333620821937146 1.98899278183997
0.0688837502114665 0.337295300676366 1.37713720569137
0.0589227327936804 0.201082175270611 1.20625270230918
0.123135337327749 0.391701590526293 2.18004474473992
0.079918594194467 0.216529014202791 1.60234672511836
0.0588536253168842 0.16316184395717 1.20585436046474
0.0336905803010409 0.12038909115152 0.784532054090305
0.15672150317199 0.512390515878433 2.43563579201002
0.0984952657977069 0.339933709154316 1.95930974246704
0.05968951911845 0.178237796563444 1.15753997422631
0.0933547028037327 0.267556576340809 1.73282616257293
0.0838794912240313 0.285087821161686 1.66743431152775
0.0696015274528184 0.270698524255472 1.50948668635708
0.0839287671714132 0.280615882005503 1.60087593454701
0.0508093795252563 0.137667425188471 1.02338325951268
0.0912815975797378 0.356800279280786 1.8302350313645
0.074153117855299 0.27185410376993 1.6027786239645
0.143616169225537 0.66471953039084 2.13343984431945
0.0716392721746241 0.205265215186949 1.33478632143439
0.0432108751004342 0.176680531962961 0.894352391911391
0.0722720604691183 0.275230722157478 1.34459929905284
0.0497777106830134 0.159204257058575 0.998417883957534
0.0502766652618256 0.201678385699394 1.08881900185316
0.0551200371703483 0.195945873518308 1.09089627904339
0.0759535122678828 0.258967644661916 1.28825751701723
0.0322962856083847 0.104344275072925 0.676026984376809
0.0411693744876168 0.154493947700085 0.842097592069083
0.0441361279933507 0.204110045530731 0.974021085190678
0.0497085350153486 0.139914302660188 0.977375492111391
0.111034121035046 0.522858551271682 2.05626695876159
0.0556515880929142 0.145129544702774 1.00519551815227
0.0529823100799558 0.141875174113364 0.911335857634438
0.0369838718260113 0.0978511562733358 0.678547546880169
0.0481095982207065 0.173954776205645 1.07827086275848
0.0684534959257855 0.235218527842519 1.46083243093431
0.0867478972619544 0.216179156265772 1.54917243825004
0.0559739001855941 0.16041498742285 1.13274691195021
0.0381655872039159 0.133540876327535 0.754024076843322
0.070556195532044 0.197430498791526 1.23205808538688
0.0686642634903154 0.280981074420711 1.36724191803673
0.123609500451536 0.336694680771234 2.05027362375964
0.064957246179894 0.19496121861218 1.20121442370546
0.132749746679006 0.630893559815988 2.35373761865074
0.0464597809405829 0.193505853152885 1.05311802754816
0.0614489840740988 0.205576034948937 1.39673260261003
0.0473374687102692 0.128067244873429 0.923062861538772
0.0677993785685356 0.246028896913752 1.31229453031957
0.0612752735639034 0.205336799307733 1.33574806133725
0.115187266082701 0.442361303428609 2.05659312402993
0.0723983377362353 0.213366259559963 1.4611709334894
0.0762145066314792 0.352817567334464 1.54142243947801
0.0508608679553724 0.19585583933993 1.01930942736804
0.0365287217970129 0.118850152772481 0.719552021784555
0.0440326064194631 0.219607901722245 0.880256400384918
0.0485788535068851 0.156234422622206 0.971290460681427
0.0872163702987348 0.282750577521567 1.72417915973229
0.103306272411534 0.369788051958595 1.93065285194782
0.130716336300981 0.62276446692703 2.20349218910467
0.0522393383857202 0.168617743930363 0.959511781474681
0.04862585413546 0.236289556983307 1.01392409684298
0.0430101381121016 0.161099700084462 0.809791835990996
0.122477568182687 0.349675537707412 2.13491792063618
0.0673348811354446 0.286940477161834 1.48422845876972
0.302711991052596 1.11457259129912 2.84144861690751
0.0623936726237536 0.177619488396366 1.26917287785365
0.141809194837794 0.662211307246884 2.27132497651424
0.0825965604412891 0.326282334480088 1.70055619405681
0.0817882473793588 0.193166750086688 1.56452300039176
0.0472603741124797 0.195196615907433 0.993668597415727
0.0611117638441469 0.179128749152363 1.09696483903805
0.0631920387172385 0.294962639375769 1.39446938849469
0.0663488406955602 0.275107120616301 1.33799633450584
0.0482839605303124 0.127213184923133 1.005999680732
0.0650370678463613 0.23487788100941 1.29989410599707
0.0411749348856983 0.140784222238046 0.876022344776198
0.120525149322727 0.410683714625806 2.14318323975831
0.0564825090593491 0.270058457229029 1.16187315793624
0.112004507812481 0.338554923410603 2.0686139668478
0.111216139238071 0.30451549346626 1.94197135132545
0.0992074180118497 0.328258984804842 1.96727941684804
0.0496395493960453 0.146280632389027 0.952484354538164
0.0638948373271328 0.187342105430949 1.29038932215131
0.0820647163717192 0.251095897276033 1.68197833623814
0.093578204947978 0.296970286418859 1.7230668157571
0.112919132605417 0.562824869864159 2.0842037016062
0.0337258498994728 0.141672652042476 0.723022776601654
0.0430183029340699 0.128832973879754 0.913199764974935
0.0526776137132407 0.20755471965203 0.981522932054557
0.0552360376181116 0.181437128969612 1.03711111881359
0.0891242342925718 0.232119098784943 1.49203756963949
0.0346459965501502 0.190112511870592 0.725348692563799
0.048678267359662 0.136103671179875 0.959119549553166
0.0649748022275274 0.180530069495104 1.26709788611766
0.0868948315968437 0.199331837680535 1.34054254081363
0.139634052877084 0.546855017817491 2.32659466141167
0.100161703496971 0.465349540438252 1.94490657210851
0.09335031979365 0.37596007953658 1.89889790588333
0.0586694029653298 0.133255828512825 1.1262556630943
0.070272582534728 0.196619266016719 1.20675374279659
0.0593715190904963 0.205627330498068 1.15643582432176
0.0557978938099298 0.180103832411178 1.16198879914486
0.067660455447226 0.207549332491795 1.3639197678798
0.0566732505313249 0.157338477090718 1.1007774297615
0.0432716872502629 0.189941970328194 0.847513536985125
0.0318496929366461 0.113807822783447 0.666042582456924
0.132839823062053 0.39232366726889 2.28935873482328
0.0608583713420653 0.188416389544833 1.24364247151067
0.0359525710815993 0.140989312919875 0.721684258486154
0.0571068554328549 0.201048102918154 1.27223158074474
0.26837387236872 0.84880356772728 2.78609240160346
0.131698140708175 0.657715609490463 2.17653865529278
0.0524599411550405 0.135525090740081 0.988977159015154
0.136361150629352 0.566080225968479 2.30414694489757
0.0592746180875596 0.198858621924264 1.0714430327761
0.0534562229448938 0.155489331623891 1.13516774423171
0.0764157372012571 0.215005184222407 1.37522799066589
0.0378385479964676 0.118529329465366 0.747916821182895
0.0719873898559447 0.242528662091274 1.33086090973861
0.0635983241178727 0.162972131316723 1.23843350642674
0.0475152492768573 0.144241417973533 0.96710614342689
0.0814235656170633 0.237219189417646 1.32722049352648
0.0688802844616911 0.180515742800372 1.32775623671929
0.110520776496429 0.58961854037678 2.0049644390638
0.1054495400329 0.371909164085833 1.84525488043964
0.19380802281382 0.563565633098457 2.55932652929754
0.0478802890669823 0.181097415773899 1.04309325928538
0.241790931892716 1.26872827345886 2.71635809543291
0.0450880348937801 0.114358458071373 0.806945936138289
0.122223571711383 0.329900975378484 2.05598421409081
0.0964068305635128 0.30231249009066 1.77902107131131
0.0279362585349878 0.0800651197150624 0.58012550503524
0.0650300097720698 0.189405325437533 1.30884978559155
0.12583641961817 0.38051904961099 2.00070345222636
0.0873991997163027 0.386597882598646 1.71467811135899
0.0930031468743271 0.272086497202869 1.79694112878036
0.0464849680269532 0.177253714472558 1.01760849762045
0.0684862478172726 0.218770969285104 1.39402000778821
0.0785660837251284 0.278916680457435 1.62840392267999
0.0744455484658003 0.257988878366649 1.56948880913784
0.0509006749856118 0.162581548776804 1.10489988172368
0.0701562317297235 0.25803336547694 1.48898139422083
0.045825760974244 0.117459145338579 0.809173787437628
0.0372269568041141 0.111800263024766 0.806468840654003
0.0385636141903636 0.104974844873916 0.763605534276135
0.0892906090441826 0.450594786233918 1.57537216255978
0.0555661097867184 0.274740388664317 1.11339502377825
0.0439500260421397 0.12502661927911 0.923714889276337
0.115940026821727 0.38488060072139 2.03165668878588
0.0586363424420214 0.185595604407888 1.2431343090757
0.040039690512651 0.151077460486118 0.859381533915966
0.0910411099390382 0.242760697663129 1.7698739719426
0.0672297165990317 0.19912847294801 1.21964153902407
0.0644400874095353 0.18966008609091 1.30916107674416
0.070016104020099 0.240704024500456 1.37625909829623
0.0680668197652777 0.219720002826414 1.27186806317522
0.0435310009760361 0.106439143748821 0.731617628614705
0.0977670463607985 0.336867203098974 1.56114207235642
0.0902587448773975 0.267690586660682 1.53292942264998
0.0470420066496005 0.239644700728194 1.00867569534861
0.0856617978278587 0.222200402233445 1.43715411157217
0.0427961823450871 0.117499339461461 0.828520265200912
0.0567425987145927 0.166606969647963 1.24234487024735
0.0555052435291075 0.297871104879691 1.08789892932772
0.0343793674368481 0.104393821089071 0.706483124819332
0.139200469566795 0.58364033868273 2.15006545059943
0.072364527657878 0.238554717872129 1.53592533039636
0.0454523036786736 0.141052620230336 0.914694356657813
0.0592987145969529 0.213456935432996 1.32588812991694
0.0644938530168878 0.339994127331257 1.28456258399495
0.067423735736922 0.172682232010487 1.33814821468683
0.10544169881427 0.338427959083764 1.99933647356276
0.0377106983716995 0.134047243452538 0.825740564536404
0.0333707719440393 0.105959693025749 0.704525515388611
0.0550425364059833 0.151233343767916 1.06892746600602
0.0431807653267673 0.101522107487874 0.839829463565678
0.0643906720960153 0.226313394683539 1.27942065517274
0.0564556261338454 0.192943118141327 1.23009516625334
0.039870204194346 0.103941432444942 0.816252819570605
0.0620434114374329 0.304903663905121 1.23512197915971
0.0669912093419642 0.178849391581085 1.33348717187781
0.0616182290933881 0.168107306035637 1.08525467331342
0.0485376372208467 0.14552616160277 0.909971250977884
0.0475289333958621 0.143288689606771 0.981650978393491
0.0704311591405987 0.21864513191005 1.37721621562412
0.171889868857639 0.438734010660444 2.42038963856198
0.0971169617529358 0.283234671410186 1.85709550207727
0.108629759310535 0.360128440318744 1.90963551031252
0.0301900190057089 0.090951551111224 0.605104444412308
0.0997612573219699 0.350809917024994 1.85780729678757
0.0653092492422572 0.148682555172509 1.00913644814703
0.0502173104436334 0.161945751478829 1.01636447464901
0.0700935540397997 0.323068797984903 1.24360417340913
0.0749751711878896 0.286578214445829 1.47289795429597
0.0280098657114083 0.119139462909868 0.656884455560506
0.0515254675171493 0.170681166764855 1.0876544037188
0.0541357692719078 0.182492809228199 1.16589729870411
0.138850486572162 0.597906186780639 2.32873797666633
0.0500750387072836 0.147150079362678 0.955498347865727
0.0390062520822325 0.108429759116689 0.785933975581262
0.0472704151194852 0.138074315330868 0.90755461877943
0.0545247341469813 0.270574708720534 1.17831720790424
0.0713361934535126 0.327151255243003 1.47283328889222
0.049132519849817 0.143250256860475 1.01500835980273
0.0434813594405294 0.174696422107561 0.9566827183279
0.042810650244618 0.135907755268787 0.886094706894977
0.0750871015445232 0.362996816849019 1.22805199372678
0.0485004516161757 0.146602726886804 1.02806093457513
0.0549133545086202 0.173651773378506 1.15180329204406
0.0579811703306073 0.158313246754291 1.22325368795041
0.105714388836443 0.306419031308348 1.83015542040177
0.0867133563946714 0.46906828103131 1.62571426277613
0.0580710014791383 0.140604210711331 1.0000791873872
0.0901989351404726 0.311428745632616 1.83889611742498
0.0726932903094957 0.23644868437866 1.4795226263178
0.0695287116598319 0.217206030915321 1.42689523221141
0.0799906636005439 0.385306862142796 1.47976267242892
0.0370289978161888 0.114196061153415 0.720777469884512
0.131708878311197 0.376564531732312 2.24624095011894
0.0526109966243739 0.18665886312175 0.955096579645123
0.101639781219193 0.305217540630407 1.92501818653601
0.0967626045356192 0.249586192963935 1.63506581270724
0.0868660647851775 0.228515039388279 1.58584438165188
0.089754660716128 0.244063962455306 1.47493460986889
0.103387598593412 0.334396163633546 1.75590632874316
0.0641201011784444 0.151378226701087 1.13020247211273
0.0327739144621544 0.0940387223887178 0.594900456385596
0.0516669311615766 0.14732442965765 1.05418704685759
0.204485895877759 0.630325035082508 2.71261068350947
0.0541254386479044 0.17236759232766 1.13562851716659
0.151494146121017 0.706738578613254 2.3586687177975
0.0262928300389181 0.0759929828018185 0.504080757714551
0.0411693506952568 0.138587236538115 0.811336677544385
0.0834941331453869 0.358667839862197 1.36759237274984
0.238899481818485 0.816613822883567 2.74122887817359
0.040249037455136 0.163392004628904 0.91960033270032
0.0524399455446111 0.204056499891744 1.14562834735993
0.0828391137000759 0.184811112101734 1.26300860617331
0.0638930733332608 0.220532233749544 1.38534457235623
0.0682997036929643 0.20272821226897 1.31650615606586
0.071319459747652 0.325986228073972 1.38155523831498
0.123656068272531 0.453264421683163 2.11800774640306
0.0486298354034452 0.145062319663472 0.984003543258679
0.048339250831658 0.142493737060834 0.997587041255431
0.0443571331753401 0.140513153791759 0.862552690999951
0.133709523340828 0.463298728688369 1.96294862727834
0.0986658948443735 0.379989306607496 1.78356876217761
0.0386658028071692 0.190704724194561 0.716170596454076
0.0717360928262995 0.362971078567539 1.37407111768292
0.0563189122866344 0.128131833004557 1.06068311734707
0.0592153871650367 0.142015238994853 1.06503518694537
0.0472707858684819 0.171369361564434 1.02261680512297
0.0588242018581318 0.2299144807815 1.05135572641377
0.0686952480829591 0.281737282471192 1.18306024237792
0.0525718436562299 0.157692595778537 1.09421708453361
0.106172428764299 0.331882382379194 1.88184077781421
0.0890952858630192 0.349114653122273 1.66977608686497
0.128201715071407 0.359786810308675 2.28121684658699
0.0696637741505767 0.305696445044428 1.45093928757054
0.0421239753230125 0.171593422062696 0.895401045266928
0.0705127875477634 0.215655460381895 1.41529788352249
0.0353995135049441 0.117036813731913 0.799186463398194
0.0385987940282081 0.200467589736862 0.779066993152799
0.0537569061745925 0.18736570637121 1.0990919943323
0.0497131477784185 0.133977031439192 0.950538496936489
0.101730865016481 0.263196399261188 1.66074525908093
0.0490515042941995 0.158770296818627 0.991484286436512
0.0575766574519479 0.192211691438136 1.1822466008487
0.0903747606437453 0.309914067633927 1.7615914740243
0.102899709304857 0.291339075912911 1.84496007185191
0.0896790817223831 0.263740001949268 1.6663967781352
0.0759499019131057 0.431491800377979 1.46091448172219
0.0571421398716736 0.246952842738546 1.22505394977509
0.0702276203772488 0.327621796235148 1.53893100183502
0.0476479310421213 0.175005961048421 1.01839811102395
0.0579496558633582 0.1254274689526 1.05338196637583
0.0445301677401739 0.235247842861349 0.871332500808409
0.0753801258868134 0.296162958908916 1.55975755359113
0.109095557793263 0.300965096528755 1.9037263497033
0.0459812998876322 0.239883157136272 0.918444968825768
0.0695051288917129 0.241941100557531 1.4519598178021
0.0510082439334161 0.178560894650545 1.11051880246208
0.263907595966011 1.00074686238005 2.79993088446384
0.111771028991727 0.434842111938682 2.13600639832622
0.0430523771581048 0.13279539023266 0.893816073969896
0.0639935767692981 0.242801738384788 1.08190819870424
0.0575701146891014 0.177596590158445 1.20806133891317
0.0603598699081365 0.183145239072412 1.2204267224827
0.103552058951217 0.374138029524477 1.83572829938975
0.111308775481578 0.345276475543004 1.97243782492792
0.116146225309175 0.447357264552142 2.01389955498308
0.1340078438068 0.5259324361466 2.22007355177516
0.0762244941444801 0.225047409786709 1.44773891604138
0.0517075800261081 0.154038893473396 1.01613652808328
0.0368296157565775 0.102696402341583 0.741857341782093
0.05130651225448 0.158916130019357 1.04782429765375
0.0877685114795722 0.233386018580926 1.56378874353381
0.0789571020524558 0.326153485533946 1.59942794392571
0.053633436654726 0.188195192005878 1.16631976610502
0.0480960941991828 0.158738356541052 1.07160867392608
0.0311806592563481 0.107654190750568 0.704664893027195
0.0645458753113343 0.296236743463706 1.35569717512453
0.0630277096123815 0.196002153376476 1.25470323399106
0.0477726250037175 0.236697393508435 0.867797859470736
0.040545071646497 0.138503339444533 0.91186285942073
0.0443197091086327 0.170091794642164 0.830399051539903
0.106383075387151 0.290214404637865 1.82453849984986
0.0571226928630231 0.202600097052716 1.22571753789343
0.0703839753879817 0.397941889874323 1.40120608241339
0.0731831616511982 0.195175047140009 1.2955322054902
0.0474334288448289 0.180005215969433 0.982271497415031
0.0908658645221215 0.42338711298724 1.82897443695543
0.0624977451449907 0.165650566033763 1.1506623976273
0.051532512351684 0.163878031895576 0.999237872682
0.0719436737113727 0.285349060662822 1.37783905981705
0.0296139596833258 0.0922968136455771 0.622035144850858
0.0599530402446902 0.1791003377006 1.27619906781152
0.0580338891044218 0.283293643668616 1.17420340951464
0.0510329484892619 0.254360535263233 0.889873331814112
0.0339677070600618 0.105600566667243 0.68299768715309
0.0425888414891262 0.103035247840874 0.854791111258448
0.160020641721242 0.414867463429259 2.33772313356638
0.0510389439081049 0.236964396152973 0.981594967690293
0.0399275739589208 0.105523844390701 0.688658454355589
0.0448691726525427 0.112500953775888 0.91296167043349
0.0447840294757633 0.246403486660761 0.909153901114599
0.0455085688242981 0.22172180463065 1.01634614308171
0.100350047162117 0.316240253297907 1.90380756315324
0.058300624929194 0.194448357737911 1.18360007004191
0.08584980999241 0.273044517068701 1.70780331146145
0.197666795977539 0.440906438043338 2.55134464561865
0.102968569257295 0.276772782246891 1.78164763218496
0.0614796474389155 0.215539114874739 1.3539970142393
0.0549394412097069 0.204681009949668 1.03122006457988
0.0847662104548796 0.258686551250852 1.59435123027818
0.0486454825945066 0.25826610718658 0.957002309159688
0.0648942670296522 0.216298573498221 1.10697410556135
0.0554607305854605 0.225643488962063 1.10876675141643
0.0392823046271275 0.176786897241254 0.867415683565067
0.0390557573151973 0.119998694956805 0.747156077691695
0.104248338363855 0.453879187133173 1.89771418946427
0.0399713998414119 0.138319479156038 0.876875972974038
0.0967808627159408 0.314955780614283 1.63382766376493
0.0924807116910147 0.314875114088154 1.77608370612799
0.031994677094352 0.168287598770376 0.700840212683586
0.0284711509986131 0.102786439103033 0.651709226418277
0.267401567714757 0.996395635680447 2.83605674660196
0.0625369541490242 0.166693949452958 1.21281985182476
0.0996280293739971 0.320796097476537 1.67076925029823
0.0968745208727324 0.316319723021639 1.87647067380462
0.034529279159955 0.14487729101886 0.745444468493281
0.0419678008567687 0.109630209722046 0.76703265792559
0.0659940738211661 0.179183672755666 1.21448750870866
0.0499361955835515 0.220015094143939 1.16293805085511
0.068098738931252 0.17333264854345 1.22655089323596
0.0785192618031596 0.246123654395272 1.51850534702729
0.0590726397269869 0.161923450046343 1.10667762197004
0.0906345089980229 0.286435423349587 1.64547698962615
0.0593477563785259 0.309781990604328 1.15497851228101
0.0406654129900435 0.150108377875381 0.945895271889039
0.0384456840055378 0.145956415966805 0.886853201001065
0.0825711153893211 0.338936044003186 1.16225725626031
0.130843504377495 0.642215147573261 2.24008702254002
0.0536626743528163 0.179464155042083 1.15827917620658
0.0517340972453703 0.22329674718371 1.14535888903847
0.0734695409812475 0.323506173064861 1.35645090294754
0.091584085845648 0.397892874723108 1.36163265439927
0.0264651476881164 0.115375301976016 0.589794714872044
0.0472791105713888 0.214149973993794 0.89485775719433
0.111969032895015 0.432172967619257 1.85629339612948
0.0887491890287646 0.340172446846857 1.83550744117458
0.0244925801984662 0.0974015298924819 0.545189951248466
0.0531807771588952 0.184612000657517 1.1615004499862
0.113329817565264 0.382813388706633 1.85414218104659
0.0579573642637222 0.205883701060092 1.26305363120221
0.0852817801045475 0.208117610296167 1.37220510489416
0.0517894951851409 0.232828621889045 1.09250550408826
0.0476266922810004 0.147230068231934 0.977112811803706
0.080582505615684 0.204313431854663 1.59021832088409
0.0888888041787942 0.362434517050827 1.82682595849491
0.0662593154542772 0.307366086220732 1.29844483068749
0.0628121479998453 0.284241920115073 1.3123934515422
0.025937611049116 0.0902789788113475 0.593616968280292
0.0567176299360522 0.261136795355032 1.12448313969231
0.0447485023504924 0.134654998684925 0.819299852833873
0.0828975129673814 0.309955492229201 1.66666971140557
0.0562060965201646 0.230316074132026 0.970493489599291
0.0953194952607081 0.423938188109041 1.89141396212976
0.114537176616115 0.274711108587631 1.71272075503149
0.209325765583485 0.492107543608246 2.64919228139108
0.0486147100563165 0.152661058131475 0.949053697944247
0.0898002898837523 0.482922719511248 1.71942125244653
0.0883706369728489 0.470679487975902 1.62116416338032
0.0606993736828396 0.204147798554883 1.14664613630761
0.0648833853097971 0.186745356271129 1.31720547575304
0.0837182244768873 0.320418941009703 1.33630479690725
0.0397730194209509 0.115894442478424 0.798864353327375
0.0473825071918538 0.153580799351791 0.949739773640792
0.0656663117404518 0.188162198911832 1.18070158355344
0.0306592531410111 0.132088742454883 0.619588469733111
0.0580602457621954 0.178945411108561 1.19646584287411
0.0492277464548515 0.220998081577768 0.967635715617802
0.0509719380191725 0.168163367122583 1.05901034759865
0.0638296187907031 0.211240383085446 1.38152091706111
0.0740390566792942 0.334222168661459 1.44831848385794
0.0705048082578101 0.209851811646389 1.46065198714845
0.169303720387709 0.489247441298213 2.41930181529956
0.0823755049431545 0.410592666834121 1.59323855031177
0.120900247013774 0.586740173688553 2.15310218945905
0.0542449512263062 0.174829894503085 1.15720208622303
0.0584439968990342 0.255269193985331 1.28592768930333
0.134701441612794 0.454155181880362 2.05773945575237
0.0976889636082049 0.294144495951645 1.81902512180746
0.0702561003336422 0.212645455549762 1.38833791851856
0.0976217761401418 0.32626269362039 1.7890246967374
0.0479373999906093 0.158916201260467 0.935139100543954
0.175989568537575 0.525589319547169 2.5527294002566
0.0912987598487609 0.247538082233898 1.5536841715087
0.0437045313817376 0.180390204981997 0.969729944261667
0.0499610989081959 0.207612691578793 1.0843466076028
0.0884341476454892 0.203688790246014 1.32271993031641
0.050320545430485 0.106528554025214 0.873628158021794
0.108512181725183 0.391797642686098 1.8243075549463
0.0444555367287519 0.139825190129169 0.838254098950262
0.0361797883248527 0.164450879061196 0.673708777244204
0.0603633116720219 0.28619026128269 1.3005206449044
0.0380934299791847 0.156300466303302 0.817206049914039
0.0406751192231685 0.133539765001546 0.876449689238469
0.104442662537254 0.351739551058073 1.95403805703501
0.0505155090775064 0.139116742570302 0.989517673598968
0.0702458077692304 0.266320735421214 1.25536030709354
0.0545466492260419 0.236826990952805 1.0602276905775
0.0356957587923415 0.130692874072294 0.807572998745929
0.123826690975175 0.620340509182249 1.90591520727795
0.0880567841933612 0.379548524539135 1.66969291231731
0.117576335998301 0.509629896386346 2.02095764553255
0.0462189235479172 0.151560567033671 1.01392333759574
0.0829426657631999 0.287007601176577 1.58175373746899
0.0721577903974972 0.234238080639765 1.38689200795699
0.0720861762166925 0.299740587994594 1.26757016755221
0.0679783224056236 0.145347880827409 1.21132965647881
0.0855865376761662 0.379222875430558 1.71081234321399
0.0885555021478259 0.262163850592066 1.71347434037363
0.0654545236264576 0.143025728709299 1.03066158137604
0.0458915493499466 0.109927870395202 0.89646173126646
0.0667731325974522 0.209189686778073 1.31584758059626
0.143389651493056 0.570204856476262 2.31176881963524
0.079175102334971 0.299666312904161 1.45902853638305
0.0543120865450165 0.212228034305614 1.10925472126371
0.039751015862422 0.110506947661343 0.806736475341564
0.0543778189810297 0.267790652473273 1.0640976578988
0.0790689961613374 0.312396658484703 1.54288941899476
0.0403257238417542 0.120564773780953 0.858971595274499
0.0538193450152821 0.156789103729712 1.08989745935427
0.0486974808681473 0.147095422930632 1.01475589978458
0.0532594080637515 0.17015109020939 1.0853703914111
0.0882225053475423 0.253429029527084 1.52103500235804
0.104258559122436 0.285494468217742 1.87577995327925
0.0496149494393009 0.238531798549452 0.916741232318173
0.0660130243800182 0.306879158478876 1.1592934526633
0.0617925799348419 0.202740576605158 1.08000745541249
0.0441747238496553 0.127738681388139 0.980582243015641
0.0592815227229133 0.16235286045036 1.1297640860573
0.053089159967394 0.163096547672792 1.11664782447293
0.117214689549946 0.366177984356972 2.15648581715222
0.0942208233365964 0.407157707335191 1.67737109408332
0.201539558415511 0.6360376351226 2.60140530365575
0.0579293991318937 0.175262081417903 1.12193957442064
0.0519111695467058 0.162104545051842 1.09496879508273
0.0522008574819825 0.158891519232074 1.09038515364722
0.0495400550984314 0.160312149105993 1.00010584013105
0.0692716965001092 0.246506049251393 1.4639820490177
0.0473816687416323 0.253768733197399 0.905546292108399
0.132422292072734 0.35184545510071 2.04882807459315
0.0503391103324282 0.179749252348691 1.04900929187472
0.066048692883656 0.217482001236671 1.43860924762478
0.0600589141099186 0.13742384003009 1.08128227896082
0.131247186868147 0.408846422621519 2.1894934276239
0.0522001433915374 0.196059526518535 1.14664131349887
0.169491800587233 0.679231851455953 2.48395725065205
0.0742898161934489 0.228351285923318 1.38425503641953
0.0675727124429745 0.25403317923268 1.32068917613823
0.0901059945394141 0.274934094087088 1.7640492818882
0.0948656648724234 0.404353835992384 1.67153243709377
0.0992096277270914 0.482971577282066 1.88273812614243
0.0695470143382349 0.217261507751742 1.28371864599778
0.201165581380002 0.931868051461856 2.66060452435281
0.109994227282053 0.333273897757871 1.99964380794355
0.0648865316558855 0.211664493987009 1.3300555971845
0.074372922865884 0.341441373632997 1.33615713970633
0.0919628756672689 0.25409144880457 1.7504835739947
0.0482733612739621 0.193919599736528 1.0497580017051
0.0893974158688576 0.269173397535228 1.71854122061478
0.0657393032908085 0.172844096035609 1.13263692514512
0.0672478536653938 0.211493841389663 1.4328711888622
0.0582175960665309 0.174357603477461 1.22040131312225
0.0433957147433825 0.151699846827114 0.876465920700688
0.0897176227897689 0.225931513247415 1.55613643042604
0.0858356341315945 0.363163003453598 1.74948120592969
0.0681511874640902 0.261307140900698 1.26607126119914
0.0409853308715784 0.114138914810486 0.729003803794941
0.133325781931335 0.392551310192945 2.20281201382137
0.0976694364745051 0.301725964257642 1.70856307664751
0.10464174564998 0.243637980757603 1.56596297116263
0.0565340863294267 0.169527105261448 1.18908640565013
0.23406880398204 0.532369146646258 2.72975677925052
0.0579171681515868 0.253386727104239 1.2556032011293
0.0592663844159649 0.183422913324273 1.08497147615395
0.0577518768654783 0.211791740955573 1.27793858964751
0.0297125373627169 0.0867477994204713 0.595341082618708
0.0598193856695151 0.182660719450122 1.27184515582544
0.0783615274158922 0.32460953918061 1.60248109603695
0.149068027634008 0.500186947670097 2.30017956701777
0.0605710850669041 0.1475269580102 1.2072028637107
0.150768338156768 0.394598286050012 2.36623828531073
0.04817304469319 0.221542419055523 0.945813141850708
0.0677337220707697 0.234700581052427 1.27647293263042
0.0490551404521 0.26068741477464 0.899304090575856
0.0615901980585784 0.21925364330631 1.18696165080729
0.043454290118867 0.135743680134863 0.927142901990292
0.0800720720933816 0.221120604772161 1.48459452670135
0.0292612502510552 0.0776847290001285 0.512669618339144
0.0550574577220759 0.141612994445461 0.980969476436434
0.0349764138064828 0.108696382125437 0.701155967869341
0.0891072442693455 0.255229709419392 1.61075693739596
0.0863681928953795 0.331476409130264 1.71197411542326
0.0504436387841598 0.120386818664319 0.9979184434138
0.046218566798799 0.194300853932264 0.973054847965661
0.0570926668621368 0.244629733583139 0.98057333447385
0.0899433317021844 0.220961505973734 1.68719753080111
0.055100699162879 0.144645872074512 1.11454052124608
0.0596970825946754 0.175397988660407 1.09414461299159
0.0960841938182707 0.370417364435925 1.92637772393576
0.0637451348356797 0.291580682393683 1.19889079019385
0.0757208433828152 0.185478560331294 1.39839084870606
0.0549569990418921 0.173892466704337 1.1844282488938
0.0728254490481983 0.257246389962761 1.54733608538839
0.0759829657862056 0.304338777669764 1.61197416690861
0.0490494918947925 0.225217939696005 0.870020159564522
0.0935196881529657 0.348331069512527 1.63318683094798
0.0613907486198621 0.211928014924706 1.31657478510196
0.0697082901619053 0.179525774005335 1.25077318572064
0.064162838239066 0.226029242265262 1.16317817118687
0.0941905905276543 0.323451759125439 1.81948467883081
0.0402850095696283 0.147595226272078 0.831452176644921
0.138068102407495 0.53133448368021 2.37372405239957
0.0256777152488962 0.113403953746041 0.597178347307361
0.0484289215735778 0.113897380522597 0.936941587560909
0.0628446958168281 0.234629223969959 1.18118541991821
0.0330235415658936 0.166548658227965 0.653531217967166
0.0472820173210855 0.218565093485563 0.883690809034124
0.0773714967265417 0.261702048624369 1.41257849462522
0.0491289558286398 0.165525339746464 0.856083297076263
0.0332571509095491 0.119141311450305 0.664580842064212
0.0886014752365661 0.300759156152968 1.74939761563094
0.0290549946243677 0.0977197551354874 0.67173762624929
0.060691544429417 0.208270876841436 1.34535825323253
0.0569320816616348 0.243790210371763 1.2104890695634
0.0657577825354047 0.28868427627022 1.34871248684096
0.0528159133530377 0.214856611849102 1.16302535552724
0.0450559376647291 0.144727250593422 0.998778022778708
0.0558990192915155 0.162017327346731 1.00570165216347
0.0410598930853449 0.149927462283393 0.856103809642766
0.0429306774459602 0.161917585619541 0.982472414271243
0.108738226264945 0.387722369405622 2.06842814545166
0.039278130708728 0.100184913844837 0.727468922721463
0.101583536434719 0.469164844646712 1.90762145952417
0.0458258211827711 0.191984715536675 0.989443206573796
0.0658754985270937 0.270168922779035 1.40981370946885
0.0585984872948879 0.181599523535053 1.26096991893733
0.0891118679903096 0.388666739642086 1.62397749027445
0.0523727327640234 0.146084417352842 1.05968625542632
0.0846372263158045 0.283259595851285 1.76614695629262
0.161436013590811 0.707172170072822 2.47374915668307
0.033255302446511 0.164485374398808 0.714083859646289
0.0417742126566629 0.153704078689625 0.882276134993597
0.0610952142858611 0.169436045554997 1.29613789444745
0.0538550840401688 0.134765317456919 0.955480378101061
0.0729115166184349 0.28903735678252 1.262160318236
0.0624558673206228 0.340341342136687 1.25004255717623
0.0831820276825947 0.440417301285536 1.59188952662916
0.0659506535293314 0.216933333854898 1.32492744871046
0.0673317115214878 0.298699045217487 1.24379849407482
0.0679393411909365 0.310477304221117 1.40249640032568
0.0368414732059222 0.182148982346866 0.76930313045521
0.0708049184068635 0.200247966610044 1.35122319639867
0.0484602029313105 0.153676222146342 0.900567450452934
0.113272917109677 0.339443319407133 1.99152799443082
0.0777421239554074 0.202119710877053 1.3547890578809
0.0685619544779233 0.205135352043475 1.4051206362026
0.0642561144385563 0.285870513417417 1.35053958674262
0.110653599385465 0.264011464144834 1.74909274326654
0.0440921205984296 0.146090458241977 0.922568441543378
0.0739455304451765 0.232995926748767 1.44898258672197
0.0551100971800134 0.208507129826435 0.99445011827703
0.0611400935925289 0.181231026743867 1.25182281694836
0.0447049284764795 0.157964840075088 1.01797054185392
0.088980601057983 0.25212891381418 1.52367885006946
0.0951446482142541 0.275710617704398 1.75372698095174
0.0643810581281096 0.197701811221269 1.26359466379914
0.0873180240539057 0.237915544244023 1.58055805251954
0.176332405375536 0.594565347730326 2.49490760374048
0.0206959589757219 0.0832914904461223 0.466810129223919
0.0775101301169879 0.292775535951466 1.65208788246226
0.0305772640508587 0.134122719176269 0.615328044215549
0.128494920263056 0.43669334018599 1.90582286747422
0.0578444687808051 0.206299314462303 0.969907386011505
0.0539143108442935 0.171903025095207 1.16592516257682
0.0597447942888957 0.183373643430882 1.14839086220054
0.0613753210738856 0.172248663685658 1.17939923757293
0.0835266521329205 0.468603191682019 1.56540340121393
0.0696135226388774 0.212740124487193 1.50635925590265
0.0469629947850824 0.10348003964137 0.887971591965771
0.105432024038464 0.331506638490835 1.92796940579077
0.0812691250882504 0.24534602037024 1.44326722929896
0.0480332871058355 0.144122361208896 0.938463888056486
0.046170643818375 0.214764775737499 1.03471112604642
0.071131163568422 0.336999903650472 1.48114089919723
0.11697430072509 0.290336803419289 2.02723869224781
0.0870542224132807 0.289680137037088 1.7896411457466
0.0642580387618091 0.177952909506469 1.2972203369674
0.0473390339425074 0.128217366549105 0.919192886954477
0.0801639559048783 0.208241788257295 1.41832859337613
0.0725794161179709 0.216278711600903 1.47817150827793
0.0619636940139471 0.221404574912695 1.18193396555378
0.152657492610549 0.430432159742435 2.28241910644768
0.102008454756277 0.472434855421706 2.00431805918555
0.0838194925991851 0.330217801313079 1.475608234427
0.0681418499664562 0.189722964222902 1.34195587689303
0.0664962895902179 0.160877953458091 1.13215291001797
0.045671371425447 0.148628155763354 0.962959219319059
0.335337054414309 1.45901443496329 2.89078398435175
0.0626070266625961 0.262556528565385 1.25809937985403
0.0874408353304382 0.349029105000903 1.77204308109781
0.0616604330774027 0.19327095768534 1.19049268740205
0.114297840916982 0.512330395080698 1.98731166065934
0.124376522545526 0.404430851389964 2.17996319015357
0.0511642787594785 0.161010907946183 0.942939211162437
0.0521198268194113 0.183480207367265 1.04438156033516
0.0649585760700478 0.20902944984331 1.32736637860307
0.0724333773654936 0.351297286618604 1.32003341150651
0.0643546697198315 0.202856460025269 1.39955736267844
0.061528844161663 0.200721725271205 1.26561420836052
0.0935811668812327 0.448742655844545 1.77756482437194
0.0773793874108699 0.282305299371848 1.47686270497094
0.067694666332058 0.252731185120127 1.27726799293225
0.132728573331062 0.497915455770975 2.29647402657448
0.077879137218733 0.248284209122198 1.58205931138816
0.0550431103549142 0.188200582112165 1.18257220105716
0.159829253062021 0.674923526101341 2.27485353257888
0.0357952320516315 0.120161692402479 0.820009670340112
0.103444264688106 0.42256764413272 2.02109561044208
0.0381635538484028 0.104463000815516 0.706974065187287
0.0480344720521077 0.249341690491684 0.985478055340877
0.0571880933995642 0.171340261430309 1.25303161062986
0.0512930745332565 0.228239212155056 0.970086474534759
0.0526457715927256 0.205533701485005 1.15822304726401
0.0365684861273174 0.115298692939359 0.775950222402202
0.0563485015970847 0.175762712927427 1.15926620760743
0.0854839686228976 0.259179630173996 1.69819417706485
0.0469772080492943 0.129737523695216 0.902755809554746
0.0508672610559112 0.15627872981164 0.929489965402253
0.0324958386466247 0.104630343382351 0.707481915003922
0.0357362003190248 0.133009771877461 0.772138786480874
0.0858598952990239 0.280607530129188 1.62831225185139
0.0662977756730961 0.35627977628144 1.28466991762591
0.0739567042872064 0.238161221880917 1.52465493345406
0.0511818459134453 0.178392729619916 1.09091738103897
0.0380842600973878 0.118328395060096 0.742612456484292
0.259537511046764 0.578805982707353 2.76889277735038
0.0528077086258845 0.179097361824429 1.15365307683502
0.0437276187066244 0.153352299911184 0.82759325429902
0.0797870801707781 0.272141766955211 1.63810808920836
0.0901632514373115 0.24955557214841 1.6904628213701
0.168803713202616 0.484999141030404 2.48388291699175
0.088487894973909 0.292444509144999 1.78313287454728
0.187341116607866 0.623022485235632 2.46682975723505
0.147947952123343 0.502768310704973 2.34021412855784
0.0255676485878974 0.0758792966835609 0.51795026797442
0.106421845890967 0.311591239433027 1.82423475498948
0.0299505576947281 0.15531153503997 0.641200216737962
0.0493495916204086 0.140842857155376 1.03765278802141
0.0560509656786423 0.134313363481577 0.907181506046872
0.232831586062592 0.608931081162231 2.69060391856118
0.0872643553843175 0.211804613184315 1.48428989245957
0.040057265908376 0.222409006437443 0.805187609251403
0.0574441298225977 0.181736330865545 1.1265030997722
0.0401774394726827 0.1292238298086 0.803695128415419
0.0748601178491308 0.293605746118184 1.62915260008305
0.054956876128587 0.268617723800559 1.09870475952125
0.0838036609433322 0.363234226877315 1.65568266829816
0.0339446938812731 0.0945051564215773 0.668146855060163
0.0700488363362815 0.220390951279881 1.4457481927807
0.0485927779546762 0.243175994020435 0.934243742033734
0.0358492033228424 0.11457357181688 0.792848466388201
0.040208167289077 0.116912420374419 0.811338372263578
0.0598212070030429 0.12824853978764 1.09346382924977
0.0757091666717589 0.325395264284809 1.50848855595879
0.133787957474257 0.33255322919714 2.10384014007818
0.0618400620918493 0.27253458775356 1.05529911095322
0.0965644572214933 0.279769102803829 1.70166688586114
0.0386650573455125 0.141564167915948 0.747511671626576
0.103205435607912 0.448372767196636 1.82467568474445
0.105627324501982 0.299882472055338 1.71984457385881
0.0542825195272989 0.156300319937298 1.118630258524
0.0172455568287271 0.0605489532350914 0.402412230241439
0.0366012687567788 0.100806162385369 0.744906734533844
0.0624999124282644 0.211880978022902 1.35268549328011
0.182023085938059 0.722681046537701 2.65586948930528
0.0676557279897303 0.237701439179165 1.14683238222233
0.0413913508729659 0.13352801489173 0.843818613940473
0.0465827523146682 0.11456315980166 0.921547281907583
0.084444570325293 0.282149407625339 1.68677503050972
0.0953928435048001 0.285166462868944 1.7970751652911
0.0906053587753144 0.298960054584894 1.75154352817719
0.0315259408019982 0.0860500125200079 0.635349157464846
0.0550230396451444 0.190809939840565 1.22673525087542
0.055716697688704 0.181305601370918 1.20998282262086
0.129617821002173 0.442393856229143 2.18861287249944
0.0524309632688878 0.20502020406207 1.0829329337655
0.0606430299724531 0.190183425123598 1.21774340727819
0.273879925715302 0.775827200484652 2.79525117943466
0.042551250373628 0.121544548271113 0.852278102540447
0.103111716413325 0.316338133601463 1.95319986961635
0.0567773441612231 0.316855996606074 1.13397192846739
0.0467908322177439 0.209876280967724 1.00946227069629
0.118550605201227 0.352497228639755 2.12789136210205
0.118022693799424 0.318244540918452 2.02048703133228
0.0919262736195612 0.426245494250632 1.80709892094656
0.0719482952901485 0.190337109377918 1.30979206369477
0.0494083881592792 0.254170336607884 1.02039400190992
0.0402669869788029 0.183383264317741 0.681916205282692
0.0811073590376608 0.25478681858059 1.6729791281253
0.0699584412748626 0.176660981788824 1.20041680219886
0.0651354749765005 0.2037147399969 1.19424768553851
0.137790603790297 0.429597632861213 2.31944211375938
0.0593619790260958 0.284695787150901 1.07479666806462
0.20317886244298 0.818605820928944 2.66081940234629
0.0663949346555116 0.257725852353926 1.46186802085509
0.0553433955184388 0.143503730106247 1.14539079821416
0.0522897774355019 0.194130777953188 1.10803695321549
0.0677562724658199 0.18783213918825 1.32429755236008
0.116832509844866 0.373317611279473 2.04129588573826
0.0607626095431994 0.320057823098984 1.15362687560388
0.110471255204529 0.517638540619161 1.98357583104
0.0552572751642758 0.154920161813962 0.995825787054476
0.0449688095548494 0.169857538003949 0.96775394702961
0.111934261630186 0.39846483957047 1.85446945023451
0.0362056535479502 0.163309127312635 0.793511375051314
0.102217268911646 0.357461828096795 2.00042274254906
0.11249611466849 0.333053964211532 2.01681484533767
0.0822116671729232 0.236332339938075 1.42131479711817
0.108860402973303 0.541575382309662 1.9503785719687
0.0484373618808117 0.128410855477471 0.948542917820699
0.0931973075969029 0.311881327568517 1.78861324990811
0.0634087552077956 0.286582881527353 1.35389315782033
0.0253023102677878 0.101923260947405 0.559956049923746
0.130285889120316 0.544127230786133 2.25179186674124
0.0592135166868788 0.283522742165593 1.25054242500498
0.0522960773152298 0.172056988065763 1.08166659841776
0.0847745134556064 0.40274479598112 1.69942417653737
0.0586273863130769 0.216252818689728 1.16071922092992
0.0663687373020545 0.160063956234297 1.32366771904262
0.0639225880044311 0.177437970162502 1.135482686806
0.0721530945349998 0.255465195508491 1.24703347263311
0.0650541532578998 0.229619376238235 1.41548533480568
0.200392087546084 0.662620082254535 2.65561133555069
0.06569392949596 0.19647305984969 1.32432588403286
0.0518798909349525 0.186963068664124 0.925045852853273
0.084468113525819 0.248314598173848 1.60162310563394
0.0322123679730641 0.0835355399791122 0.64690604013479
0.0404433444329741 0.16463059922942 0.867166314382734
0.0353789345108132 0.140361379943391 0.810540663771513
0.060818234274601 0.199373901573057 1.34558937934261
0.0615955122348086 0.245651690879817 1.15022571065801
0.0808495589090664 0.30851461506148 1.63166251488842
0.101528839999256 0.507640346572458 1.74733733793831
0.0694404126683888 0.251613471502852 1.34808582146646
0.0465533422473013 0.162187037439125 0.970419814476382
0.0499080956554648 0.178278410353436 1.03586024183743
0.102730293379019 0.471403160088898 1.70992601782822
0.0380526242554663 0.0995415830142298 0.744914166267003
0.0638596713667908 0.289645244395847 1.10002460123334
0.0483867654781895 0.137859882515255 0.971656334989467
0.044135228169221 0.169246563142345 0.972016201249107
0.0857846822774425 0.319197871450387 1.51328706391512
0.102669905514283 0.383919937319147 1.97014386276197
0.0763381950526929 0.300766653777022 1.63786910978444
0.0598185839735432 0.251151247640549 1.28504176521723
0.135617711778019 0.403513587624932 2.25507975555225
0.08620620688781 0.391763725773002 1.7396742300981
0.0902277497008142 0.380348354284059 1.65091701231215
0.0595845415193203 0.181460743552977 1.12045493267965
0.159266837922735 0.381046249317445 2.16562087070797
0.0605096961612638 0.168262193001633 1.23412924346152
0.168287054913257 0.517539699716748 2.40718444842087
0.0424614353616489 0.141366430624559 0.958377614327687
0.0294027637108824 0.157359866256061 0.575498075228438
0.0931523241848267 0.236802676540053 1.58908247973664
0.104907504618975 0.327661701069956 1.95077843198304
0.067765373763301 0.297523612779253 1.05366920162708
0.0381968639037545 0.139360245774459 0.846281395437047
0.119093428597539 0.363435526510164 2.09788472397449
0.0400115764476179 0.11947112957562 0.814980482151443
0.0428776953608874 0.133166233751784 0.926244302647997
0.0539716441291852 0.169196310985428 1.10827705405721
0.0405427603747567 0.129631329682197 0.879412689570361
0.0360743323997101 0.174232222508941 0.675463374034526
0.0357979035853836 0.170355761611865 0.749908816018284
0.102906610428975 0.41384530232685 1.8709028139258
0.0729787382574715 0.24942748765554 1.52685882231729
0.0731104906859981 0.221704736025714 1.43784120425935
0.0688343062150615 0.20439090665076 1.32603076805148
0.0827138812874634 0.304610134522154 1.72934115343279
0.04978737813773 0.152656106135842 1.0361337765605
0.0762795985605654 0.296420432569227 1.51058597833495
0.0760874315855484 0.242049247966147 1.42966781432721
0.0500296619071617 0.168863114899954 1.09789641427359
0.0807657540610829 0.382816122397073 1.619796490218
0.030288835079032 0.092523722525572 0.666461873133191
0.164673809887495 0.402732547700285 2.2750692966761
0.0509850255265333 0.207517464240098 1.05849268000844
0.0442041051900677 0.145861812494775 0.904868205562469
0.17815687544138 0.754535515149499 2.50690481902458
0.059839021405408 0.187745505015794 1.26037557578089
0.137149998495702 0.386382609406042 2.14136795148519
0.0727747390152884 0.192122622627015 1.34456014556708
0.0900322128801238 0.383517505723672 1.39433448518183
0.0678965658481852 0.191693957129608 1.31901148809422
0.0516647675948316 0.168763766731121 1.04252552368941
0.160373999485026 0.625175881525844 2.44122386615484
0.0607732001973641 0.269101634747664 0.993124576219919
0.059719625320952 0.260200832283891 1.32818719931476
0.0552561240391341 0.198844179167221 1.23546791008065
0.0909043734877359 0.250947166436687 1.63573997937241
0.0839227571687975 0.23484552520086 1.56730387579809
0.0509280009519527 0.224182325241224 1.04473801292926
0.0750582229832881 0.235549909390017 1.3985086084183
0.113640576572834 0.567003049011198 2.08696180350281
0.128661643768963 0.66499548538646 2.22162797360353
0.0917365074959507 0.257412864278464 1.56645325477187
0.148393088742492 0.436002992801059 2.43859386068944
0.162004076334596 0.516462307542554 2.38508746424713
0.0357032272082869 0.0997357746052848 0.727118112304511
0.0516083925841811 0.210815309411391 1.02102450088381
0.0915134917567634 0.307692472770209 1.68551136474529
0.0753377260997509 0.306731241201106 1.37358338209494
0.0380855803967737 0.0953659535460173 0.756659431488217
0.0487951159245962 0.178815031559518 1.06530601543182
0.0557185016624752 0.260437255942183 1.20694365900486
0.042248005407827 0.228765324250714 0.874945679905328
0.0940129882900221 0.38399598231493 1.91801169341896
0.0410109007522964 0.160468700264759 0.879233955940417
0.0515383206178959 0.157514104319161 1.09901947530415
0.0524399454646519 0.156110496041951 1.06385282433323
