0.0492882708695489 0.320689005288159 1.52668653139885
0.0293839749699804 0.0864333401953612 0.723497904137435
0.0459412464823787 0.26677934015017 1.24384898862732
0.0602019438229859 0.254147474403609 1.69975221052507
0.045055147396118 0.237092777068507 1.31423624334279
0.0431381061045101 0.253391369406881 1.1419237063251
0.0431048128834825 0.177518621398525 1.21929403737573
0.0533998090897609 0.182053041490888 1.56885219751239
0.0331060763250458 0.096071108868527 0.905650186031959
0.0305334489953549 0.105507176321394 0.932230997874446
0.0734483847347247 0.31404188907196 2.09719276311978
0.0599735999739592 0.19786826262252 1.66351772422114
0.0268696624741232 0.116572734035864 0.863869376390552
0.033978752924027 0.146291053601815 1.06212082410301
0.0259475277320842 0.099471702957216 0.755491733350541
0.0278377665193971 0.121373447187439 0.864166443452978
0.0781357062122382 0.388101207070825 2.04977561298469
0.0340440479519424 0.15723773715329 1.11346185817881
0.0385615751069431 0.21051003196719 1.06059570942604
0.0560368220015976 0.28017987170321 1.72964382908368
0.0626267251752126 0.250327363237778 1.6659713622335
0.0253491016310037 0.120161408734397 0.814029359699026
0.0416348033396215 0.237335551065738 1.16966026083214
0.0287805930845324 0.150225362746554 0.869164620111158
0.0532742889131504 0.249436352739198 1.53120482217824
0.0376882311140061 0.149440462979124 1.16919758657043
0.0744292297258249 0.469000042324161 1.83371266643941
0.0263586881501411 0.114727312463445 0.778229502199306
0.0298326898023858 0.179562551985749 0.93294017424158
0.0455001129409323 0.177105280222282 1.41435233419414
0.0654276134989097 0.262655975740254 1.78339638974595
0.0712733606605129 0.339575779531476 1.89924944917193
0.0771681997321155 0.279087777875529 1.96320844863316
0.031709555200876 0.115827499162954 0.88442043716087
0.0623083066699007 0.308132316084111 1.73966715721613
0.0388997323424666 0.176318130917721 1.18381940416941
0.0718672171284862 0.263904350800703 1.85766421769308
0.0296200135439167 0.165850229929493 0.809115082895763
0.0255673730697862 0.0873629478058759 0.771817403039628
0.0284659550204838 0.145433172984005 0.85221133369801
0.0218373893765204 0.10098264727246 0.758990572774627
0.0360408278494553 0.187114197882164 1.1326052829618
0.0292939987647801 0.109780966518684 0.882730439424317
0.0507083114407703 0.159590458457489 1.38018256803092
0.0314054766341294 0.0873555020554168 0.813499064258618
0.0457377510125622 0.186605630174506 1.20010549927975
0.0687564515805321 0.444025838339169 1.85533114915547
0.0620328931053334 0.225608309033977 1.76366526275108
0.0402380662479016 0.158004701238579 1.28168197411188
0.0596785857701603 0.25082733257319 1.65675988092351
0.088919117120904 0.276198204073075 2.17062482036842
0.0648492649103971 0.326574880147396 1.75157622556471
0.0379245098679823 0.170274435451751 1.16377861720155
0.0547056661680877 0.308973142548284 1.59895574799277
0.023566417383004 0.121885660285196 0.753396178794508
0.0203616056788218 0.0822199875289696 0.602676991583544
0.346283416436737 1.19392057359392 3.08688021707189
0.0531890544674492 0.192011838602761 1.44068141999644
0.0505900165742632 0.217044792842054 1.44331910650438
0.085064148311229 0.630704265807203 2.09613719261732
0.0361769007052529 0.143429688710522 1.13628454956626
0.0328972145955187 0.244327718860203 0.874950847492409
0.0519972065509828 0.194306515819239 1.47772338678262
0.0228451361117178 0.0988618291451449 0.697502824011238
0.0287824771318464 0.203138955448597 0.820818282857877
0.0365634688147473 0.193408862662742 1.1070128483025
0.0322114663376067 0.176311051611753 0.893469680168833
0.0320199631482642 0.10578483685542 0.924216839215566
0.0275190137562967 0.109441064066206 0.927589888378565
0.0316727738114876 0.150677693012191 0.985639156616926
0.0260358632622204 0.0845145309264058 0.776285729587314
0.0293438508258242 0.122323986831366 0.951999904112805
0.0477031482688666 0.228864495700051 1.23038512800297
0.0249747957788648 0.154504095022447 0.753526802697406
0.0276159217455959 0.103413999598439 0.799627992406378
0.0411866857534317 0.274022921023168 1.11690863080721
0.0419566323447711 0.153395065215567 1.17871574953188
0.0491148656398437 0.238998762969771 1.48612271899917
0.0595656108794888 0.243383288235044 1.67999980939273
0.0581171292325148 0.261098935541394 1.70614617557517
0.0551446055175986 0.277583718679745 1.70393335191257
0.0410527729448211 0.150696286087407 1.19619068153328
0.0501990297412759 0.189424657408504 1.35044413235963
0.0282474983821029 0.139373385982497 0.936878682243555
0.0344080133117394 0.116443036289565 1.01344015998859
0.0679624991162563 0.329022384342499 1.97233116813137
0.028958777013098 0.219584085529567 0.864688325358093
0.0552893870162397 0.340397090734517 1.72447152927132
0.035867870404618 0.165894827572655 1.15007815236633
0.0322286277052577 0.186824946178412 0.956054683553224
0.0314828749417495 0.220813577351744 0.900364052112112
0.041818666402558 0.14600009487738 1.13829817184189
0.0580426784574763 0.318119850347033 1.76468404376877
0.0378785989526191 0.173112819147732 1.23688608627099
0.061463087147139 0.197621236477909 1.71525114703006
0.0339946639318495 0.149043914623219 1.01081587044255
0.0495650745664365 0.215022755860298 1.3493486825285
0.0553272880326417 0.244622149572293 1.71558389022856
0.0199036812845061 0.0653764388364125 0.541507683613048
0.0442831640295383 0.17319599716508 1.28730388349206
0.0434280961533148 0.157521398839361 1.14475328645146
0.0375154118597089 0.121169707429369 1.00949331450718
0.0409871811036549 0.146202508103769 1.28899342424052
0.0359777614745811 0.18260633268618 1.0868851889944
0.0491223528887704 0.165910476858866 1.28608625135991
0.0264947578631713 0.108745005209873 0.767129107063396
0.0307141232684705 0.126651755513936 0.971550430434852
0.0675579559950225 0.283557024798274 1.46109629373152
0.0417803026884161 0.241866255898861 1.1811137693568
0.0851353832797231 0.359949431002064 2.22627117778469
0.0340201586168556 0.25880024864537 0.967524262810408
0.0184121123607361 0.0997927091236704 0.623345040583738
0.0541190086098098 0.219562848885306 1.48168783507835
0.0212341598883079 0.0875277152205015 0.708854138527509
0.042152070509523 0.139255921301214 1.21185867760787
0.0637333881956878 0.197897708488318 1.69647059616195
0.0683387231795373 0.357710758119123 1.59678706110989
0.0264287262559345 0.107431048866476 0.873881240476241
0.0182083381061539 0.0722521290703633 0.584045465157879
0.0358625829022093 0.158878145537364 1.13205900251351
0.0776282133605985 0.460553297079158 2.10363436876412
0.0457920193229969 0.188030991103766 1.49140870058128
0.339714753336723 1.60454283796477 3.07914167659476
0.0268231679912251 0.172925020715976 0.836982531869248
0.0390445158613588 0.190697253367351 1.22285840379261
0.0394255513640481 0.129572182293016 1.14017908512868
0.0622345454566787 0.454038753863723 1.71514369504967
0.0377328464719897 0.179167628912002 1.19440823361314
0.0272972710222675 0.102835015283928 0.765515283012822
0.0574223770187771 0.304179162744578 1.72921028431988
0.0562002251788182 0.179915708476843 1.60397626930609
0.0354684018381881 0.105927705405669 0.959306594937075
0.0463811062739761 0.173952838351283 1.49342248385215
0.0313103084490165 0.188895040819271 0.932460045186558
0.0294083887479603 0.124054188308312 0.854615741675472
0.030591270905263 0.159974876898753 0.805443630775013
0.0805485322657126 0.39424114683919 2.24041474895591
0.0812762140148659 0.253566073940496 2.05292967591273
0.0468139310486173 0.185310168514247 1.38525795426907
0.0270076041836409 0.120221088623856 0.828163139893974
0.0556523614026768 0.208510007647609 1.51735950177536
0.0640369799491945 0.271646107517996 1.841300554413
0.074419080767064 0.307792589794909 1.89641109261136
0.0482983117224287 0.169524603070229 1.38039468524229
0.0284493915163531 0.111633872636624 0.844677783330379
0.196006652973298 0.613813207564372 2.8525877330339
0.0425142419260304 0.154962278686702 1.23725661273095
0.0285765732876161 0.154149907224596 0.794590457125297
0.0533292952131194 0.242356212145094 1.59355213563412
0.0329393118379618 0.118230258990553 0.940652881083116
0.0359034296832254 0.124568811133394 0.971470522315811
0.0498350839720525 0.283879886620846 1.44818911171602
0.0528550292820368 0.223778374991431 1.48430124796853
0.0359165187272287 0.155795353878645 1.11031097560944
0.0479851046831743 0.165719289543624 1.43453829308335
0.139497877521768 0.582663171057528 2.78221077560169
0.107877942260976 0.513750159031007 2.3989108605318
0.0287574612678 0.122178152554192 0.746087367726264
0.0193788011608704 0.0741561206037427 0.626516351920367
0.0312410795348506 0.167202425187384 1.06343697610006
0.0340486570673687 0.137538740033372 0.977913409341085
0.0721320153598959 0.305880929531314 2.01967745683839
0.0283232396879111 0.118045806031359 0.941381400858935
0.110369297623903 0.552153285267715 2.57149803129599
0.0505636791183036 0.214232813446366 1.48107519167475
0.037036011655637 0.151195695765974 1.11525526104254
0.0540090348062786 0.225728582605766 1.5039481577899
0.0652132972604692 0.224927101829437 1.69057171486348
0.0237618824674399 0.110764301659943 0.736065411222029
0.0977533817774823 0.690211500363359 2.37235492907117
0.0297051245560838 0.184408619265497 0.939121745982585
0.129025578730241 0.610119288825543 2.70479097197316
0.0586713862049031 0.260956762304272 1.77911473888646
0.0696107425245274 0.435770490273509 1.82322767061804
0.0305085713078497 0.146006841357673 0.976489480497014
0.045760442040867 0.240618675112592 1.32422564620391
0.0463800994297411 0.228569534441509 1.47265187548104
0.0476023681118674 0.313602748522702 1.42988240953552
0.152983253387052 0.989063266320387 2.83250889366553
0.0499285951025074 0.207830571278899 1.32573272860287
0.0292076750263751 0.104989873551779 0.782287236062375
0.0710429693810329 0.361348027504984 1.98389162954575
0.0369168762318368 0.16627317284902 1.11245311027022
0.0394204229777779 0.158758743575357 1.1969750257112
0.0557174359919172 0.291893359025817 1.68184011549026
0.0394640303892785 0.199958869483745 1.12367311487088
0.0658858004720346 0.277361542263687 1.82504156266278
0.100602889890805 0.576661424191968 2.42961132524442
0.0398849094773465 0.154250277804722 1.187009892495
0.0263940195090114 0.13822659433761 0.775770701155809
0.0466976274948154 0.224112415878547 1.36268192781807
0.0738866375147316 0.334518894275055 1.88845906784997
0.0542395737242479 0.220774010296105 1.66852870876898
0.033617171476966 0.142165189474798 1.06732737715052
0.0601252994193723 0.217992379433863 1.48523593831977
0.0596601257344522 0.255386446926311 1.70472439606072
0.0371967142867348 0.106472978426769 0.962771936047654
0.0520220314765723 0.200565708454324 1.38188990392458
0.0613957698377535 0.204553551875771 1.75304154308004
0.0453449337796491 0.142329476326557 1.07920168580272
0.0795635420716801 0.328235092255258 2.19359455395071
0.0690701689805556 0.306408661234328 1.87111608485069
0.0438936837678388 0.204329167851265 1.17097046158599
0.0400197433845871 0.205656287677613 1.1406796491882
0.0516439461670575 0.235564183165053 1.47227859712134
0.0247430539430589 0.0789688754577754 0.702730725436139
0.0359831955067123 0.184781440922279 0.98498415960942
0.0374972688589972 0.116838391652937 1.09804181724816
0.030350853126172 0.104288977690046 0.934086662618575
0.0473761027681693 0.268587610449601 1.2770640680974
0.0260664271637255 0.115776937005295 0.797856132775118
0.0558711736555346 0.288720280797747 1.46817785906938
0.0539770182217745 0.195620416057698 1.47775808308387
0.0301445256515365 0.0956032962334409 0.844364131011251
0.0705237729356156 0.27396290926822 1.88375178686156
0.028180863805399 0.0992523151337339 0.838530040896029
0.0279414521370722 0.146220472354331 0.830094283838315
0.0249024593544952 0.142598391793982 0.747352434010385
0.0340036834365042 0.161097310742487 1.06595073872001
0.055757552803043 0.207260156681914 1.60697543161331
0.0418502366757763 0.177493087929875 1.22752356569285
0.0554818853283264 0.233841767854193 1.57560381951574
0.0693577669726601 0.32017817565078 1.88600581494391
0.027981154980992 0.116265854380547 0.895557450287699
0.039285105409601 0.163001571871929 1.21738223762318
0.108280918003251 0.71737079163523 2.52757576438215
0.0549168249377708 0.20197663297289 1.55638704682963
0.0330072403090537 0.12880136919426 1.038290378961
0.0293214938974052 0.131382151723309 0.836339931313518
0.0324501334896027 0.136262194387183 0.935428338738097
0.0294995190156505 0.109845811763252 0.889496537382945
0.0438575199779562 0.17066974306381 1.23867174321271
0.027566483151229 0.0987239881174815 0.858690565854662
0.0341708250593854 0.137610035115423 0.976088726257193
0.184941665154396 0.786981147509331 2.95035959880012
0.0267301816542998 0.0932071251554155 0.831879682768884
0.0258685892890914 0.0783326448227915 0.740692573162821
0.0579695051855202 0.223118049013336 1.61173612613542
0.0435703782232036 0.283379023163639 1.26445166557862
0.0605910328319673 0.384339716387527 1.52103841818078
0.0490974722046319 0.223025810687438 1.28834803315254
0.0478155527837722 0.161898855169503 1.37937969101463
0.0665763955596728 0.363148729347935 1.96791866005074
0.0369158607219166 0.135188198922589 1.08495494753388
0.0540818760422394 0.1915897418312 1.34804464553788
0.0232857655504103 0.0937967657908742 0.673589720301021
0.0797126445777525 0.338575590333798 2.08595291330051
0.0626034516543016 0.244889936112824 1.69625589099575
0.057252085665114 0.17297980231066 1.52304443478846
0.0259621394515893 0.0999025955696658 0.817855341672059
0.0237027392810574 0.13469254619741 0.718619366920189
0.0256889251696701 0.0800448405454806 0.762389619493195
0.0227793872671186 0.107548338178115 0.687003954522533
0.0345211746856845 0.158475672937046 1.17105025084171
0.0444152718745653 0.162585751655241 1.31941837554752
0.0575965365399692 0.202116682724789 1.40933684026766
0.0261739950500098 0.142093406570711 0.849176230566181
0.0498159161091362 0.18945306474698 1.50369953547917
0.0660717631621749 0.323905507647495 1.77152950278493
0.0529410470580037 0.188650080917107 1.44497872502655
0.0359661575284547 0.175401438004798 0.868285200540714
0.0450500327197129 0.137577503040781 1.20472251798616
0.021011441949155 0.110163418355372 0.640315215420427
0.0476268846548041 0.152302594809582 1.12325432647117
0.101869190237683 0.645584505352124 2.27754872743665
0.0384826155905208 0.121564545649867 1.11712772302417
0.0754443563835771 0.487908614740674 2.06903284611751
0.0461474335779908 0.196757848250708 1.38702076439838
0.0660638999866296 0.366971926014291 1.93381572219158
0.0511265969308593 0.175644040145979 1.41358820248322
0.0479714927504763 0.220622894537825 1.34962817582108
0.0370023362144817 0.15279237670299 1.12358693434768
0.0469148607925155 0.194946101497627 1.4156793368176
0.024348787103731 0.0820081741515138 0.67269187866961
0.0187241628121961 0.088807297347225 0.61461797814711
0.0424605186563011 0.19298419847054 1.34288574076626
0.0617583596363901 0.425428431397405 1.80675000287139
0.0569887449497677 0.246597382300336 1.63021672459278
0.0285709732231857 0.130334617127406 0.924294574467042
0.0430905832023245 0.150387521890887 1.26138453612553
0.0446329574995684 0.15724662886598 1.08940935656355
0.0302070937208998 0.200721119041169 0.908607338291048
0.0306345848211653 0.111239467292275 0.926077764327931
0.0284198235447442 0.153852919572002 0.861149903852844
0.0375095254310015 0.170516976991278 1.23527162945969
0.0410051353713528 0.177381299412174 1.21097904653567
0.0585090220985971 0.232799728946245 1.64061903011771
0.0327801124096476 0.243443245883991 0.939626713783451
0.0321437629056033 0.106313426433215 0.977076395049784
0.0471875414957702 0.318856112407173 1.43186840003393
0.0391991729365221 0.169925486393632 1.11899343303739
0.0568261326555435 0.206115922135701 1.7051463352572
0.0533796052736869 0.243872839071592 1.48146275479898
0.0308680929372689 0.1134969279335 0.883973613096013
0.0458864792948728 0.172907618273986 1.42391504156141
0.0486183182286575 0.166643712039103 1.34352204711307
0.0501587057004345 0.268994662693698 1.4338810675249
0.0355981781569492 0.162229671344912 1.00893901989813
0.0523226621450158 0.217604957475858 1.50442518817995
0.0268931391334884 0.100691315658268 0.756199668006295
0.101299037151306 0.518628470026164 2.45540403485712
0.0511670659680988 0.199922710966852 1.31996871135646
0.0283193949352799 0.128299162810066 0.949032387759063
0.0397891244650972 0.146412717582628 0.998595178468608
0.0261502052139105 0.111611324800825 0.838076720999207
0.0412894390880398 0.146376832729112 1.16081490120836
0.0448960625905357 0.192796843599728 1.37780361712982
0.0312495587722651 0.134552181654627 0.887065793113482
0.0358826232684678 0.152145167261187 1.10412401957089
0.0547336498569341 0.21859312757359 1.63901257881354
0.108261135044105 0.367236613798563 2.3690957867901
0.0441874633019931 0.148998937953232 1.17424980222248
0.0298237315070508 0.176031382490154 0.935773686972295
0.0772713762767177 0.338584290232139 1.88845026743451
0.0427671202752149 0.212401223201484 1.34224077465296
0.0553257472808643 0.238315374852923 1.55267739860671
0.0365067742828404 0.162619386346438 1.20597491696509
0.0747345326480371 0.319769972776285 2.0392830339308
0.0280885667507999 0.111974144990021 0.871151931767946
0.039625176823525 0.145665914712552 1.21707531246639
0.0400240602193027 0.211118902307506 1.13499221309258
0.0253929473778257 0.0834953486974176 0.732183421195949
0.0274771675819616 0.105372853181694 0.883040813171338
0.0439480463102349 0.188072493995519 1.38298864712801
0.096928574507025 0.271239315134758 2.07669732421594
0.0646198153436364 0.266802460475642 1.90980341494217
0.045552340496852 0.175577644047645 1.3233472619665
0.0595495106719284 0.190335536342479 1.62246784000996
0.0479096914253226 0.269147045751539 1.32861258561284
0.0787934040262029 0.355328773213443 2.21630939421296
0.040403578997971 0.162295573168361 1.30969804807316
0.0501885096177539 0.268645815309579 1.43649420190831
0.0262447735907421 0.091377727622926 0.742925237413836
0.0394748815669614 0.275862488451911 1.15235625026119
0.0374706601924359 0.135065480214997 1.14832672752436
0.0305514947271809 0.127909452667486 0.936796959623369
0.02927973685313 0.118584454661166 0.872189780348853
0.0219419189562009 0.137048402274212 0.677926142812665
0.0389773158475754 0.243188758077676 1.13814913444502
0.0452982013906224 0.241130182917484 1.33000850303314
0.0813712989755578 0.395652873101035 2.27507490870333
0.0574722751675006 0.27852870830933 1.74216062788916
0.0293563850888039 0.132947183778844 0.920158989132498
0.032154999635329 0.126503769980214 0.969212108527515
0.0388442504108846 0.117794457070542 1.06490154180173
0.0380360023149025 0.267746073900155 1.17773518552871
0.0387440129240617 0.140937795345515 1.08979124999115
0.0290041034576897 0.140199947577426 0.797882057512134
0.0618568384265382 0.243668465636177 1.75470543164891
0.0297178374018514 0.16158614540391 0.948239445889785
0.0459664772274577 0.320519698855018 1.4048797581072
0.0274053759802815 0.108943196731837 0.897808895952033
0.0525862166922283 0.168258858826379 1.29600066276387
0.0329864520661039 0.117831977285209 0.900985789318567
0.0361193713855993 0.151337204149577 1.07423323834348
0.0541375547528941 0.194029625341216 1.41363496521845
0.0337946989312361 0.226207119291669 1.07565588122492
0.0354532845156324 0.114356551776141 0.993147485647136
0.0357038239963561 0.118708538860642 0.918912660962071
0.0416090532945791 0.133140325771217 1.2065531394137
0.0349446023896325 0.226223648575158 1.07249376450496
0.0413911020601122 0.12603710561457 1.15151774244373
0.0237634236393919 0.121024300371649 0.824196014786295
0.0603139712540483 0.242284053668678 1.67324868785561
0.0488604903157882 0.214790370554578 1.41974681030568
0.0351211665654401 0.128052471591307 1.0621811080825
0.0558324098455697 0.199070856298619 1.63905858738837
0.0454322987019547 0.273770487216615 1.29198070192205
0.0646050174475747 0.245361331868306 1.78228754780761
0.0605354757748366 0.292303005223131 1.81900267166374
0.053874793499685 0.277295845202472 1.70980665512719
0.0377531115326329 0.133884115303662 1.11813059015731
0.0389281089740631 0.150775409601599 1.15864669380373
0.0616388818503047 0.353418487865403 1.62948423264879
0.0396054186047882 0.197578376368218 1.19759977097046
0.0356101331871251 0.123770671714109 1.12910636652927
0.0420870539383449 0.167378797103146 1.12263380372689
0.0328172161127348 0.202472804394155 1.0646510262915
0.0606505262813918 0.244318864871597 1.77884778413278
0.0302496510013966 0.166167996325455 0.863907956318242
0.0284967925884322 0.13393821341974 0.833974141979864
0.0487598215957795 0.151128022197843 1.16220271698051
0.0220820150675748 0.0986709620153002 0.651783167238587
0.104265480208525 0.384704009515673 2.47981774997416
0.0198417406478844 0.130586236302522 0.530991349002314
0.0324482455747775 0.115275026727968 0.977125911925517
0.0424372321983231 0.171835819063293 1.26298769148402
0.027586743689157 0.123576652970639 0.776811274721551
0.0273141949629511 0.0932689014589346 0.695103751778962
0.0244605772843877 0.117265204512137 0.702358566675835
0.0252821745621268 0.0913915999958324 0.811848823146984
0.0419419076042353 0.16455770939755 1.23707935584829
0.0551956470051782 0.236810007663673 1.67300991964145
0.0462808026102696 0.160893050192986 1.35789114851756
0.0411110152663707 0.145675341273195 1.20379996869949
0.0478861555509994 0.195470539543282 1.26368597912144
0.0325921613045157 0.136404097596439 1.00753823796732
0.136134551123102 0.583533656890882 2.79035415948133
0.0171431304653545 0.0734001799635844 0.52315807084642
0.0302258319568418 0.127791528996916 0.859092166927601
0.025862994520253 0.183511268374371 0.803612099197833
0.0971702380406327 0.464863024775029 2.26996212694726
0.0264269094785567 0.110493811068199 0.738677787175133
0.0374639354934865 0.160499534166887 0.930418258909123
0.0312455703730219 0.146689726963143 0.816410198759043
0.0333094528358977 0.125613534710014 0.973930851433544
0.0513928923369468 0.265799725115127 1.40659489515285
0.0516747583658349 0.203692038269406 1.50640188128327
0.0289210318310598 0.169481545392136 0.787527038460053
0.0774244673047241 0.333260847332077 2.00189473664695
0.0261659810663245 0.110486644291914 0.859341635873101
0.0460123066748838 0.17967276996807 1.2887501746181
0.0370678141989936 0.148891637122733 1.14553060229558
0.0351504792829782 0.165371905048068 1.0116694349535
0.0312670964193404 0.204694791347484 0.855568929466835
0.0309121831210888 0.157553675174105 0.920852135125551
0.0266368793808141 0.089622784645621 0.797038966570173
0.040444454599235 0.122726915887652 1.11923255713716
0.0392228554780376 0.168804662218966 1.19476635116578
0.0365336417374477 0.163402209070827 1.03503019554091
0.044918503610197 0.224958659246152 1.47302351778295
0.0307321464584103 0.12396334650053 0.91551576446522
0.030128447677995 0.119674078439262 0.890765813478252
0.023045059764843 0.0780415705504616 0.67301068106715
0.0391746708902594 0.160719181723126 1.26768497521929
0.038061903070218 0.195419075275742 1.1070704195081
0.0359767925576244 0.201734472006797 1.004674733301
0.0265824029239076 0.11358304341395 0.7331970811264
0.076916213561675 0.280341004904747 1.86506395333815
0.0405059131130502 0.170265229922568 1.34076842712924
0.0429189366062125 0.179748806031234 1.23671542969969
0.0303943024376339 0.128308348723639 0.890367415476986
0.0161628168153288 0.0777923124669073 0.537902625239297
0.024181648188253 0.103650030768439 0.689563974894315
0.0848504075865181 0.652752338242553 2.2473617130319
0.0604650792375634 0.238622178449161 1.6663100980671
0.0298566940383496 0.144656434078364 0.950499795910786
0.029742368645062 0.121713437727622 0.925579982759601
0.0426856148199637 0.180512533828071 1.31461756194069
0.0460465735606623 0.145408382364757 1.34293998794728
0.0302449773687214 0.129231316989882 0.915919413601917
0.0583785930661051 0.198339951999585 1.56288760507407
0.0319198460968245 0.112219108128756 0.84946693240137
0.0561268847109039 0.220482815716664 1.52040148140554
0.0424243512647217 0.167543376678248 1.28929441975457
0.0340772883329495 0.221839642888763 1.00917580239836
0.0289522028569368 0.123831998487428 0.946301322410475
0.0619453644639208 0.18375273400676 1.58472904066461
0.0352698654327256 0.113959393805193 0.964346557113227
0.024991415146254 0.148280954635845 0.823633718110048
0.0589186976245022 0.347382277855323 1.54982565729791
0.0346904587860692 0.223764768479648 1.11016035065173
0.0370679195098324 0.185426212773838 0.999042468668032
0.0327257565062996 0.152939916759658 1.03250947786248
0.0730113761659586 0.325734473370703 1.87007873265971
0.0328274757298675 0.104992458347498 0.895363764850095
0.0562542201748328 0.164886865409933 1.32141267300023
0.0976318597524337 0.50326564126978 2.3261225056112
0.0868284711978095 0.479631985819291 2.18544782706015
0.0157623267990514 0.0743866360629214 0.542304485584274
0.0432496600599836 0.155665427250699 1.1498526433433
0.0671788557544614 0.3739235630167 1.99014794626115
0.0281015001782473 0.121420479580495 0.905213905875913
0.0550522958677657 0.328546146637003 1.57350493699304
0.0343050638903761 0.130596745811848 0.987431507857063
0.0630104249477795 0.279280451562637 1.82948571899807
0.031055060960369 0.115651515048334 0.886804517817468
0.0749205368725094 0.290612697476898 1.98787936402489
0.038256242347591 0.149415400775332 1.14244480643641
0.0618722461157744 0.290479197012785 1.72793719163683
0.0440546123432426 0.188999831164055 1.25349091988292
0.0235528795888496 0.1011603677998 0.681642299997063
0.053332524024083 0.188424928916112 1.49260640977421
0.0308146525792268 0.110987362088844 0.978010038015366
0.0439198052569699 0.183831633446583 1.29424319870002
0.021318603420027 0.0919126239380881 0.621240371843479
0.033333254869314 0.17684766733346 0.98873774995479
0.026299255850189 0.105002454476334 0.826360848304086
0.0343566490449326 0.127102386138834 0.9490835240709
0.0385320729748638 0.169100210566821 1.2755965544767
0.0251246892229773 0.100235604728024 0.807997739820457
0.155103523308959 0.654021381640701 2.84778586234367
0.0308184156974432 0.105024616932129 0.844231120306782
0.0255980102895889 0.100576665366749 0.826965982875051
0.0277826619805155 0.15961237881752 0.928319918032828
0.0357653011141565 0.123757363156663 1.09429315901556
0.0712001404173959 0.398167681254867 1.99486938533369
0.0272087249234206 0.127737343353701 0.861579049862211
0.0567342873424565 0.350041039477534 1.70064298870011
0.0566020586227416 0.304612909329514 1.37359142128145
0.0309962099630363 0.164159760060164 1.02086525939694
0.0269655001244718 0.171782834693031 0.689391401169695
0.0704473224038038 0.206300199550124 1.71725947929895
0.0333550391141156 0.170453486699516 0.892887919224489
0.0485668398612377 0.298318613228391 1.1641710561385
0.0589105627003751 0.373658495655644 1.70516537231353
0.0305519334920243 0.14752453766109 0.813883506776603
0.040167186169244 0.109665990365271 0.991388075737896
0.0285474483975237 0.135738616603159 0.814804784292166
0.0373357988663261 0.180950086221155 1.08508424475424
0.031616532729582 0.130367339468953 0.978765486926354
0.0317894162219675 0.132528382238079 0.952901462502335
0.0809848676023142 0.271939908695351 2.11155307816428
0.0336349953635494 0.119139490085695 1.06568721374341
0.0394241369802501 0.164957609641845 1.08994569036123
0.0708132881339775 0.372683976207905 1.52350859206046
0.0331464801117804 0.25760057415337 1.01257384136644
0.0391468713459235 0.145624177983342 1.06354931355793
0.0405585461786288 0.175060715746371 1.21490054956908
0.0382970211826479 0.150916280188133 1.23122332169865
0.0419579507138167 0.176781844589339 1.30765474454984
0.0322212260357015 0.133070485273389 0.954705476818088
0.0320159574504596 0.19322119876222 0.95302295873485
0.0540758461364455 0.241444981781768 1.6618653266586
0.0360621489062398 0.105826535314734 0.936424868271955
0.0300783644277484 0.090275958981726 0.771084970028707
0.0263272673990248 0.096139710765374 0.824256327257225
0.0795573197870895 0.437342063437823 2.22439384838533
0.0457203287095939 0.308033027424063 1.32204436118875
0.0336626356874731 0.133672026224289 1.00177480012264
0.0373332753413197 0.165189547160708 1.010453532987
0.0717477333732722 0.390270270234549 2.09061467281396
0.0665654994905765 0.234079001087567 1.66581272015421
0.0536702776687837 0.22018428175825 1.55548215124468
0.0310847581915262 0.121930230746532 0.991675857241844
0.036911506450032 0.165434207014987 1.07093139611043
0.0665010401940784 0.207269930427696 1.78404176837997
0.0298044462736025 0.17774774411214 1.00412625656361
0.0814933946933487 0.385246789958372 2.22719764953414
0.0281329372190187 0.106019512418884 0.931560741027072
0.0519217173510835 0.299731005610515 1.53962681745877
0.0463016553750788 0.154405925402019 1.24115461205967
0.0255158211847337 0.0835280959720689 0.749201311616231
0.0313438261035499 0.116526908002955 0.870039567474749
0.03054822144341 0.132101739560989 1.01030419223405
0.109067348147805 0.577369872034172 2.50061297927059
0.0601398080789867 0.349441267606028 1.60201085917293
0.0427047121866362 0.208144652417622 1.1907248455426
0.0530446376406661 0.191929950282068 1.36990280779724
0.0288053705681376 0.209221036777023 0.858441098365303
0.044477720680314 0.224519481186341 1.4173298608401
0.0320176265311423 0.191268000552237 1.06635513191645
0.0824664990373271 0.30519232922086 2.02979718382325
0.0412290142086193 0.153434195402005 1.22114243602236
0.0273723394315783 0.113889982878835 0.727618051156973
0.0411539025811943 0.17965444322113 1.15571152058954
0.0460300833321759 0.215585272293911 1.38473191366672
0.0442332124878221 0.171223446610403 1.27406314343494
0.119146086927867 0.747646266585809 2.62829809031717
0.037857395541161 0.120764635034626 1.06677183089642
0.0377177509269425 0.145626242819199 1.09952448583414
0.0343352356300895 0.139725257949159 1.01630585557923
0.0495142316003295 0.159536103905562 1.2717660692589
0.0371220937879692 0.156442005521221 0.974978858533101
0.0321317129048712 0.103370925484996 0.881814013195531
0.0298849710041589 0.126709868454451 0.859095081067827
0.0304669292718323 0.148318729553639 1.02063648295883
0.0293577718010486 0.235051072274512 0.838439983709976
0.0250595093688479 0.112285385802106 0.714152490640877
0.0447930930906632 0.296942701610091 1.29127095389152
0.0292059866513876 0.135482387149712 0.831690215565041
0.0399813347849937 0.168639910880116 1.2424581657452
0.0349963590793934 0.120369400632731 0.935610444040539
0.0376816063134306 0.133673219131387 1.07618799807158
0.0506774267850377 0.168699774040155 1.47250082575718
0.0896865887001765 0.551225579823984 2.28795395001282
0.0198745664124248 0.0733646080311747 0.652352886725347
0.0270413254818345 0.138851688327279 0.86953457125095
0.0488765347934311 0.23705600031723 1.4698978054599
0.0193072061558709 0.134328072584872 0.572899434944812
0.026489458417704 0.0868098313488538 0.7891889507306
0.0755813113686061 0.276512270728933 2.01082481586956
0.0530895355464652 0.247592344254777 1.47553672019497
0.0446881982400472 0.145802579676183 1.14637859267235
0.0441284523439577 0.193173116330057 1.28285298172917
0.0344964405130856 0.142988016181608 1.01042603221197
0.055482200775029 0.278143790638686 1.5580589539252
0.0346960035685081 0.125385441203129 0.955879191849403
0.0374601624747861 0.153621093305846 1.13048039282704
0.0245466883382325 0.0879132305958595 0.697338038528087
0.147820829169001 0.588705698479361 2.8359370051496
0.0483190917406147 0.187565147005767 1.36085446033514
0.0228920059249694 0.0863580404366789 0.684974565709025
0.0735795127031625 0.312597408968507 1.85175682832865
0.0321327750423189 0.142668662436343 0.938766458666403
0.0475761905264503 0.249035920693177 1.29937013087548
0.0368158343085762 0.203120746411803 1.09555607927252
0.0244530134004767 0.110848821222914 0.799050803060678
0.0522880862961357 0.18845682776173 1.33222590467078
0.033450521992914 0.170441681626409 1.0984252587987
0.0653570522059207 0.37672598836974 1.86238340817878
0.0428975075208185 0.173146435723132 1.19543876876358
0.0671492089900833 0.237299646735291 1.88251766210346
0.0570027640411043 0.171991324180583 1.54864754798356
0.0509325964750296 0.231292648686127 1.56921753079002
0.154577435968989 0.557947737311472 2.85977712586797
0.033451516978812 0.188100253402065 0.865838827726291
0.0835193846036426 0.420577583353942 2.07810029166438
0.0417485027781917 0.154197534414033 1.11464517258223
0.0339457382299564 0.161538423013488 1.01561515988972
0.0276172385729784 0.0833787898693079 0.716718892029619
0.0400509226568824 0.201597434796274 1.27365541710714
0.0376553167855104 0.15955326636297 1.115387411308
0.053136422420099 0.17505774314371 1.33668616259986
0.0477835829672438 0.296034567857193 1.39785620301263
0.0298550258338903 0.142226734824332 1.00261829178061
0.0530261269409933 0.25692844990877 1.39424333951821
0.0329472983801644 0.123401334806549 1.00377106448573
0.0536168239487264 0.218819281009741 1.48262293510728
0.0300961078859965 0.117729841888586 0.965548024056211
0.0391569086628554 0.21060593687298 1.25200470177688
0.022873126370777 0.0841575477220247 0.677058683476395
0.0359616604015563 0.194612556645714 1.06205686654926
0.0486475019011694 0.202517479524203 1.39321155157861
0.050098168105165 0.193400792391705 1.35218384518341
0.0254741185164483 0.0969610511550858 0.798848879398937
0.0418334683133735 0.199333420908234 1.22731778402958
0.0461422152906451 0.199920229163876 1.33070359184108
0.0559119509541733 0.186932841129645 1.59002717025922
0.0445927332935794 0.19643291752401 1.3777656304224
0.0577155863844099 0.23469323039852 1.6950486927718
0.0798716446753362 0.231242276645025 1.92464036501671
0.0315030066602724 0.144401545229307 0.966734425017198
0.0326604368466043 0.112678103641824 0.904757634754772
0.0591631180511703 0.295488696907792 1.74227298220822
0.060252987442252 0.175313406083539 1.41262727233096
0.0327687286357678 0.175296899169069 1.04697510660967
0.0282401216497083 0.0906618927278624 0.775286342945296
0.048677568065321 0.164547174046505 1.24123835643047
0.0289092875658064 0.130255834493144 0.909287373826282
0.0464348173438867 0.193639041649004 1.44041799711999
0.0371526718963529 0.16175921782304 1.06751079715623
0.027689721537539 0.115008921135869 0.858654887353419
0.0368032030547273 0.136740448602013 1.08036257115451
0.0228622358572432 0.0820915765881363 0.645513331647895
0.0335384867514283 0.118894144587994 1.01574086002507
0.0275905149495023 0.0871201116277138 0.801458265940131
0.0331184611240892 0.143032562178559 0.963902979890327
0.0426912281890188 0.191058817386009 1.17554133286729
0.0441718277383312 0.246188793064849 1.26935115674099
0.0452177957950675 0.254436637884639 1.01116308815918
0.064706179653551 0.317739992943638 1.75866800212145
0.0483973402502599 0.230529286436424 1.30919920482297
0.0363920125424082 0.151058540586048 1.08577439875748
0.0414169262816214 0.189142632234327 1.22694158790906
0.019904319377344 0.0763979600533035 0.628790644932081
0.054645028698289 0.224417124334606 1.54003350463853
0.0446908828575721 0.208212256111104 1.45019876889558
0.0604608008100145 0.261216583250677 1.69601140197693
0.0757344504010837 0.28248005531094 2.07348125373262
0.0289677051356019 0.113504845543466 0.806493407463538
0.075078151455709 0.344283384211236 1.94867569598281
0.0846023501531397 0.37939364214635 2.27087039416946
0.0617253270636178 0.208812972874896 1.70988478220029
0.04056281972333 0.139887774010764 1.19058313054803
0.0623007481072181 0.236912492702165 1.71055498142686
0.0338235494454221 0.141781209521455 1.0367699955019
0.0440667919259242 0.183313039011924 1.28590855245766
0.0765404162089532 0.480908755027888 2.00003802680407
0.0497596269121308 0.275408683687765 1.45032656754176
0.0649663168455682 0.236230022283357 1.71258846555895
0.031529738913601 0.169627565995499 1.03175283447745
0.0380383266625334 0.176565259217097 1.05958224418711
0.0406407022346611 0.177035446278679 1.15802035323463
0.0502876418512819 0.148550209719549 1.36991264714063
0.0558015067769176 0.257535676261383 1.58803647368061
0.0766180765381925 0.497964984779662 2.04547683957925
0.0429800480921242 0.207981572656936 1.26409039377081
0.0786270998889867 0.3260605594421 2.15613008547292
0.0326717251260111 0.15241290126268 0.982031560998303
0.0621820873095437 0.308152287694178 1.86675399069195
0.0440502229686574 0.162326624011042 1.27835158959282
0.0605711937618463 0.178653292039546 1.59187622808213
0.0311506168638798 0.144930174322949 0.866708649007106
0.0785096128637212 0.460674102491279 2.05233231882769
0.0302472494752992 0.0922761636070722 0.785822701284857
0.0698235471402488 0.300779869804191 1.94561174630643
0.0635532870830522 0.514046180547837 1.81541280157266
0.0259044005718442 0.106230692979215 0.757619170420937
0.036720464593776 0.126485906319933 1.11350939189604
0.0232971183914535 0.129309367592119 0.80724836065484
0.0258353331218215 0.144956558900113 0.809766590985031
0.0527811945917906 0.275184856591639 1.38922146390108
0.0548634291624158 0.295916381011807 1.69628748944496
0.0457270475970862 0.184427638903096 1.18026843991878
0.0344360044460314 0.155719792624463 1.02640920819588
0.0660861683588315 0.26497696457642 1.88861604575422
0.0599348262686776 0.258665425178708 1.75855955517152
0.018033200426939 0.0692644017930689 0.588686705699224
0.0327643841017129 0.126709296055005 0.900357121738924
0.0510856447219889 0.155741592100801 1.44044263787901
0.0245283536933477 0.155386329944104 0.743061611687681
0.0260726587043827 0.0889468672833678 0.773598251366932
0.0239227823732661 0.109167471604292 0.684364631717944
0.0544620528603109 0.228204607956313 1.67119028429425
0.0239247812703484 0.0762074115236897 0.662209775564741
0.0333071536499499 0.149677276055496 1.01294362403069
0.0338402346455728 0.127434346896514 1.03258895958729
0.0506154036135291 0.244324756681767 1.31317145776045
0.0352991663764484 0.180638715675545 1.09769539839448
0.0170909159018287 0.0629794667749786 0.51118594786026
0.0184445292860099 0.0709924997501498 0.585323553984657
0.0359200761591564 0.146240666882839 1.06390348076499
0.0406891184569271 0.192579150326193 1.2099822002738
0.0466207956734889 0.225777849235999 1.42768969737377
0.0368552672645562 0.139492962883411 1.11464078234912
0.0192724026325673 0.0746164563721569 0.63057288155692
0.0276468886878668 0.125257238921889 0.900453541064665
0.0813674802974123 0.327186375152372 2.15945852309896
0.0509666472102299 0.286612512933044 1.52026035497597
0.0335537557094117 0.162021439107283 0.922687210687846
0.0431258799598955 0.279348786574576 1.3254939208381
0.0301040826541901 0.127364806916491 0.98929972731967
0.0391271216157142 0.179643541863818 1.21578618533368
0.0402402770529803 0.15479421136389 1.1733854335678
0.0345295620719614 0.151523582322753 1.07558860786014
0.0461249509341053 0.152950929334205 1.25337061953233
0.0696017393817065 0.332062650107791 1.72180499571851
0.0439869152597601 0.141906269369134 1.29134102481525
0.0537806721607741 0.180358527306764 1.46567405712098
0.0421094432314702 0.18963413672259 1.27868661938208
0.0419624134932795 0.174686016018232 1.31501021518281
0.0763197257820129 0.290095449800705 2.08907011498263
0.080042293088935 0.435072481921874 2.16084982078684
0.0320008308369956 0.130916525542628 0.93103240346879
0.0394430334611938 0.123237334696133 1.02215137497726
0.0224690064587162 0.0731251242674153 0.696010607540921
0.0305718528726644 0.113136434935565 0.953046277366439
0.050518657227019 0.212972768121496 1.45398639279119
0.0294117508616255 0.10374843963338 0.898118922315388
0.0502170339595508 0.186321492268184 1.55220902411904
0.0685420562967264 0.375383049115936 1.98483268177873
0.0468369991142494 0.161176434045124 1.16724580772868
0.0306079362538795 0.12795908563692 0.905622054661056
0.0254924658854738 0.104244603451342 0.769520473290239
0.0256852237139586 0.089955857619897 0.720174720961739
0.0330897407955295 0.139916877121516 1.02172792585508
0.0661700936152657 0.235395701134705 1.71419733157479
0.0374723827809216 0.193303042388589 1.08520365595031
0.251406611624417 0.967922027859445 2.99453865197462
0.0285217065474964 0.134354210623755 0.856365165818486
0.0464462924256307 0.224560662597606 1.42664461605679
0.0330257327206694 0.100760797867377 0.936131546614232
0.0328996878225538 0.137998060589061 0.984136044493819
0.0231706039947638 0.141771702758961 0.732459977230436
0.107259932331087 0.494500791953619 2.39972698323211
0.0832473342519065 0.4088373520247 2.2422389553326
0.183593684216712 0.699503674515539 2.93869404134086
0.0703755009840808 0.283743891169105 1.90261878061892
0.0243841948918185 0.163905229076881 0.707979362037548
0.0198806245142125 0.0766595610527638 0.553038145729332
0.0670214584500108 0.328460479392678 1.76982072978865
0.0421406792207727 0.158047129729475 1.19190987136244
0.0740177652081695 0.451805278276743 2.06157962265234
0.0466500968769994 0.191848457914967 1.42173113682561
0.0310405175111299 0.108023790033581 0.945588392527938
0.0468548782538437 0.36713094177444 1.36094529806045
0.0228962921887761 0.104370970014281 0.772041842989655
0.0333767443269273 0.158046912902989 1.01824256059804
0.0765853322317948 0.482468062527461 2.02889824254778
0.0481131252385377 0.155265294963806 1.32206790664933
0.02992310029635 0.13010746056626 0.762784895219439
0.0331676613262764 0.124373608456471 0.98039669943431
0.0353229261817972 0.12772938619489 1.02784883382604
0.0399558059664365 0.185425548028868 1.20718188708539
0.0427453941697574 0.149584909381405 1.24046086164643
0.0284283158469133 0.124892603228775 0.891266430758917
0.0348412085444788 0.156518472411445 1.01032630539364
0.0187592560771533 0.0934816293486982 0.542939807544608
0.0428362287983847 0.198189085553874 1.30278899497972
0.0386778637198579 0.151601134115157 1.20852676431291
0.0456085213179158 0.178145888084513 1.34642431429277
0.0320637136192093 0.104708392787574 0.896117202438386
0.0469415852908985 0.18996054362605 1.37588728403109
0.0275718713598111 0.130093075328021 0.941925179336669
0.0294828954716144 0.109042898585317 0.885674452549903
0.0393529799495577 0.163306926653853 1.21527660964464
0.0346034074238003 0.114742813081801 1.04735807587991
0.0301660272404742 0.126870398691599 0.924829366883284
0.0375941199927593 0.25431892866684 1.13488942942504
0.0968496373868423 0.437889230750866 2.36386285332261
0.0220517985274853 0.101450155924249 0.763482114984922
0.0509620017919092 0.169401934687399 1.40016323677958
0.0437054784223871 0.123666434828099 1.11953065749848
0.0457087895866171 0.201163693338477 1.33054737027239
0.0288419756003074 0.146504119403483 0.84633825919905
0.0523914011093746 0.325944943349385 1.61069230257507
0.0382738358471057 0.144007515596642 1.16371849686638
0.029698949986194 0.152010411942969 0.977969252055731
0.0268777182089846 0.105205065077058 0.792121770924515
0.0478175256839793 0.23640343683373 1.36279790615946
0.0516373005962077 0.226614125096836 1.63560287585965
0.0278316500404174 0.160613581450168 0.807918184834101
0.0869990351720369 0.429139984541852 2.22356441906142
0.0289959281056665 0.128974271686704 0.899243534348625
0.0292841423539208 0.129022969096914 0.748394976526887
0.0401491478096509 0.16985870867537 1.16697109631851
0.0366447743532242 0.182014720650858 1.05463134717335
0.0574155813932127 0.353521628716373 1.53915057110853
0.0330118549865995 0.167282638120433 0.904733905576021
0.207595479785357 0.876755682372696 2.94838624647416
0.0335848695768154 0.171309223080072 1.07169295790736
0.0349911137983669 0.145680584286001 1.08573500707892
0.0513876779493595 0.156955248833618 1.40584278275842
0.0337657115819236 0.19248206228944 1.01643778057612
0.110313670915452 0.503293157336961 2.56274264019051
0.0689406627387843 0.299389474087618 1.83939373021367
0.0375584876410061 0.138672646137722 1.19063481104376
0.0329810802407669 0.191179335696098 0.791952130701255
0.0380456211598795 0.153126094230969 1.09280669749342
0.0232086843682813 0.125548024473709 0.702034145383747
0.0353526527103562 0.110550881882775 0.972049119601095
0.0255278707859103 0.0963032612681936 0.733271382102086
0.0304707169926542 0.148733638595465 0.81560314454237
0.0263190646609747 0.160038800267444 0.737008873772945
0.0473745480962729 0.220897849236486 1.19460608299916
0.0653086940797796 0.270121562633597 1.81929092500239
0.0348414494084395 0.113000293805773 0.835818076390627
0.0373898976825212 0.166104633068366 1.21472033813937
0.044485226521066 0.263483741516135 1.18673781495294
0.0467886699738074 0.180871828758335 1.4448857898427
0.0139438293004495 0.0600086525154777 0.451536921562678
0.031717063516019 0.107606540477949 0.960623766122541
0.0340556446853161 0.143660550343305 0.967212325079045
0.0459739125572278 0.140388050564688 1.2463519843784
0.0273566049412379 0.100207440249595 0.834936495310423
0.0398510000328675 0.152715057013024 1.09173911657558
0.0483708144573267 0.223748687139124 1.48502975854105
0.026093913015018 0.110623554398577 0.81620925862364
0.0446516990838261 0.208906205756774 1.40128372168759
0.043969549821495 0.239396476173505 1.26839430062068
0.0853138356833945 0.356203732234665 2.28441658739157
0.0676511771907247 0.212473777852182 1.70932311193379
0.050620260776735 0.374240422915901 1.44244172727198
0.0428901086273727 0.168445931734691 1.28382473019062
0.0547459826465583 0.233696357658886 1.56087526252333
0.0324419983904387 0.212288342742088 0.843553291015364
0.0362131770897129 0.164667694545763 1.17782884392458
0.0565176462311254 0.241592170747301 1.6510410815557
0.0260784856558351 0.107651334491142 0.762098664974031
0.0226251931207204 0.0890854510037376 0.737730523998362
0.0586613015943322 0.243331225484649 1.70855456942417
0.0516697910180269 0.192025873496471 1.42389778873134
0.028197544809987 0.118065887127715 0.89361607611151
0.0522503471699996 0.194043477931692 1.5445771716669
0.0356650069338537 0.130549903195016 1.1296394920358
0.0264193808295928 0.133576093026758 0.888027180908886
0.0553658085003894 0.344867092184696 1.64179486387077
0.0268691803506964 0.0969193168098939 0.81724052428795
0.0205817196951879 0.108507880695338 0.701841104194116
0.0459645554276276 0.207974426837344 1.20893409005071
0.0385274354046762 0.171525436575742 1.28698560542151
0.0621949854729867 0.212911305877486 1.73979383740968
0.0275571694371719 0.1255355689838 0.90574040041888
0.0445323827478807 0.136032808817596 1.15266609923551
0.0421785035930417 0.193455021054541 1.38998184258066
0.0535709048016373 0.331320397450016 1.52760609163497
0.0594076428056317 0.268374204137674 1.65331774397437
0.0374978466763053 0.115316740856612 1.0354670319342
0.0295291888933792 0.105478077573283 0.838255297256127
0.0209697836081937 0.0797652599697024 0.631739141109774
0.0462645521173971 0.222975978557281 1.33275159555068
0.0467234961642768 0.202379000285404 1.3868700392524
0.0544405137771296 0.24876512884324 1.7455665208317
0.036311948181948 0.173506990283206 1.11554784515445
0.031953932320191 0.124116303099966 0.97646066780096
0.0362842382003662 0.232658811488296 1.09674407500126
0.0383294232264772 0.168085217901475 1.10347786612142
0.0322450189285688 0.171405168149439 0.973947706235488
0.0400601591230106 0.139290940494626 1.24458628501872
0.065614098584699 0.317414862202532 1.77074088092598
0.0404598754246773 0.150715992724282 1.16445878849285
0.0455955136322446 0.170101698967119 1.42920639165448
0.052086331360983 0.301739746129206 1.48074245111876
0.0299933181497208 0.150026041259721 0.926074930020024
0.066609645576291 0.211463342425335 1.71367595964823
0.0473377697372984 0.210276804608301 1.24540824201334
0.0869284948947508 0.32641616897813 2.26159860832912
0.0280128892269795 0.084663324649508 0.749603675265249
0.0396654165001494 0.171963011146719 1.23838774479046
0.0335475883026262 0.164558388482749 1.01319269890509
0.0597091676768093 0.225009876990691 1.63059117213678
0.0320993404420737 0.104744836942622 0.957027868033372
0.0328549303476852 0.152138141192051 1.01410950052858
0.0479455401011351 0.279505977073395 1.30231361690932
0.041076085788038 0.17181146680241 1.27325300207153
0.0498323060318037 0.178410326721093 1.40752582108441
0.0503332865242694 0.219268454526016 1.56090395379295
0.0287059149617893 0.200354752086878 0.905837697608484
0.0541826176588717 0.221121930905112 1.44165235862802
0.0338741720312094 0.138269883832935 1.13996470609098
0.0599997915929858 0.250250775601401 1.79964795656239
0.0399332461973259 0.171379529763103 1.23748432915828
0.0506279123636295 0.195036804068981 1.41929921431381
0.0731306532294953 0.299791589102812 1.99093567659418
0.0230506606971246 0.106885289197206 0.650340481294164
0.0190887228416867 0.0730212913279395 0.6274493999154
0.0388835188455367 0.18212604905908 1.05318523977938
0.0711028980669547 0.298320668897877 2.01774537475729
0.0480325872096863 0.216151878971184 1.45360479583959
0.019223680905328 0.107532543342521 0.617577941876576
0.0348598222064246 0.197841604429272 1.08547325346568
0.0480667966815375 0.172059722195921 1.37924628423235
0.0314354787498899 0.13524064951976 1.03350855674307
0.0276387725242039 0.0975828947461236 0.736813533444444
0.0338441802772941 0.12806088593069 1.06035682168656
0.0812524290926233 0.248243899159691 1.83951667755427
0.0422936965551367 0.303702135207375 1.24053765926274
0.0537246484374534 0.248287852142817 1.62738586484555
0.0595211512023704 0.201318193945413 1.54267491597404
0.0458665984353161 0.144411591809598 1.18700324792846
0.0441474957014446 0.203852780523509 1.18535830472849
0.0405029273367211 0.182169636245532 1.32411083365366
0.05465974370998 0.226128743253674 1.59088385228386
0.0424893523289072 0.176750317990584 1.19707679522369
0.0583453270641381 0.296684978980736 1.6131730959711
0.0339262567902842 0.132273848611205 1.12965595133946
0.0577731200035245 0.240849052854962 1.35820310724661
0.0239470211833776 0.0785638532149547 0.669415377323146
0.0574869475231658 0.330676254260394 1.72333302176328
0.0395021723441316 0.200645708942787 1.04506307721167
0.0264376993609095 0.154819966104127 0.865238552296861
0.0339366451961964 0.134819402848834 0.995445264638225
0.065786016889474 0.290211489304122 1.66682293627373
0.0338178473986692 0.14837445338727 0.960263360910613
0.0308571381902924 0.174201452306697 0.891086292840991
0.0553889131334422 0.274857594495181 1.64508898015962
0.0193634411113444 0.0863603016601319 0.591250668380774
0.0424668677610377 0.179836675626146 1.30928814090198
0.0582916701955309 0.279217133339591 1.56901634222451
0.0894782384313197 0.370017232975088 2.30527277421428
0.0308462456239706 0.110374069534085 0.929810478425173
0.0544638720126729 0.268505643533838 1.49130287841579
0.0459345630157441 0.165777012468838 1.12109954392898
0.0574423866805337 0.250453828245618 1.76297721308117
0.0265379943902394 0.122579433913761 0.886876095795338
0.0417856140155962 0.114646074095357 1.01923005403358
0.0793463371106002 0.536992402543104 2.17114928206445
0.0269321354600593 0.115997409402098 0.87309802141839
0.131762463483297 0.514719159498556 2.59971400235582
0.0336875427539722 0.169936732947618 1.01319623434048
0.0459957045708607 0.219678950089516 1.31504846370035
0.0327253510197706 0.127184621143864 1.0336508634803
0.0376552797438596 0.126539196489648 1.15599998559682
0.0440866452046836 0.216645555876653 1.2237133839436
0.0275031914446732 0.116662522009266 0.831139462518302
0.0710680148721086 0.275878926349097 1.95919934970616
0.0468289283170862 0.212574653304871 1.38718015171189
0.0317018222741143 0.15279927707797 1.03375490947043
0.0497798433829847 0.156399902058653 1.42115936239313
0.0444469792186964 0.187987034868609 1.25468602131594
0.0319284309136677 0.160326585300914 1.00867895622831
0.0417223163951961 0.181806151637076 1.2519077457788
0.0319677170919106 0.104605392586325 0.932852697267549
0.0537274110617143 0.218607049047027 1.33948657908814
0.0362659037381148 0.12136386848174 1.03221666245033
0.140787862223329 0.49697203672379 2.69713336407106
0.0220259498599985 0.0839818895122322 0.669636635791872
0.0314859326490295 0.110005264057868 0.862499617634915
0.0388647288867032 0.145354105222846 1.19778105957661
0.0351507803559146 0.137022026771835 1.03567230997665
0.0325881250488713 0.226159520106005 1.01316272235311
0.035851325067567 0.207979267302583 1.16588829087748
0.0551104662702468 0.248275790471357 1.63112784564866
0.0309923347928204 0.101026278794864 0.886355396325452
0.0801814681260992 0.398273354969204 2.18707653845524
0.0282067030984023 0.125124250625733 0.831180069171891
0.0372191181814459 0.203981276849253 1.1228350816319
0.0462434417130685 0.171306245837905 1.44361662374919
0.0780853739037076 0.465827829452544 2.02027060407114
0.0191126218091129 0.0718238429797551 0.617838182311024
0.0722209508497981 0.317138796302803 2.08541632530484
0.0868806664528811 0.290795008420813 2.23091269092879
0.0266523060672035 0.125745576445904 0.862966207552853
0.0419651853016302 0.216568408364479 1.24887226563589
0.0606083414188246 0.343298353551595 1.6584790203988
0.0357331257707691 0.147853101191536 1.00555701481965
0.0370777738926257 0.162950879742625 1.12309553205601
0.0672656176883278 0.307603566349484 1.90644426901716
0.0479343272417256 0.207493571299388 1.49225876290707
0.0588271889798075 0.194592841427649 1.63336601069746
0.09227050112273 0.34922517180246 2.34146690838532
0.0607203752001776 0.37418239884631 1.65302161025195
0.0874280703173715 0.278625439154622 2.13347699422136
0.0539554859439843 0.296929977377198 1.43173497912193
0.0953054176038205 0.360785829209051 2.29073039506475
0.0427456573398613 0.290124816487261 1.33147105167917
0.0427871502951329 0.178629096289634 1.32549833587794
0.0321129904293054 0.117265179501645 1.00486447961827
0.0313296962721378 0.136390173082373 1.01347247869004
0.0284783241927943 0.110657280425282 0.905720231498567
0.0321443921117996 0.140338896437235 0.971437949431087
0.0342373355168543 0.143094587947887 1.01539601036839
0.121447818032062 0.503689567419613 2.59208288595862
0.0269573268541076 0.111580575658983 0.77401977407677
0.0644346283420517 0.459087918075599 1.86361298542599
0.0719341050187774 0.286580125426827 2.07626374844095
0.0411665087520518 0.18813742550922 1.27437516607622
0.0189095084816866 0.0794098689869707 0.5879419732552
0.0370235856735256 0.111256415341884 0.986065397067778
