0.108391657864506 0.257408472164744 1.40569865251354
0.147801489548014 0.398545574933043 1.84747263685894
0.137630355858656 0.278776037169939 1.60449840773574
0.125310036532565 0.406171351525955 1.29751420920415
0.158699703306102 0.584954472073403 1.73400546431394
0.105870510955268 0.275029308690314 1.41466555074474
0.0366881578388022 0.112046335002051 0.528710128043547
0.0805923855922658 0.144109379642155 0.90193184106518
0.114921176942623 0.331889231721725 1.48207408333908
0.175233169893947 0.351726824614564 1.83801072503431
0.141193447284434 0.429438715784324 1.38201165985701
0.100227492536116 0.289438451568025 1.34720088428173
0.088118791129396 0.239934673629627 1.10038461963303
0.0720024986157476 0.235331108887926 0.929281866224499
0.0568723948980988 0.120168911458691 0.727498376173831
0.162795142845061 0.433806289504409 1.85339135159298
0.165279759827311 0.375275816441506 1.78098840387693
0.0868940644863484 0.249129688312036 1.04673000161231
0.0488600193385848 0.148553499658378 0.71037524602833
0.0460722606212424 0.120499683399162 0.649354594126539
0.144529399760752 0.382968575141716 1.81726108257534
0.0693529019957558 0.140418992640747 0.879735793891567
0.106328820328878 0.237260398804796 1.37011932694018
0.150822605226909 0.532214188881775 1.77995222984034
0.0750511288055709 0.202224324303821 1.02630719838273
0.111532793744695 0.367663460912785 1.42667119154419
0.308344834693232 0.748892516468007 2.52010289297202
0.117793506080921 0.319194332579958 1.44326954173061
0.163128313602942 0.327715187228903 1.82439313927876
0.0959215922198101 0.173498267494044 1.10579694932378
0.278708487699218 0.846054001411476 2.22052268921516
0.912732179458435 1.99725343721391 2.87263806857026
0.519739189414157 1.05375213744467 2.77414062679745
0.156682607119505 0.517739179886307 1.80346586140075
1.5050401412666 2.83947002620299 2.91170571690906
0.0454004820673125 0.103756005531556 0.521114659042467
0.0863853450143984 0.26746700923069 0.989672807865599
0.114407332405419 0.247581076347208 1.43186929618917
0.0804617802499319 0.186062906943993 1.11319298184107
0.0751792280612245 0.194475576510317 1.03880679326005
0.198817058235558 0.437741370139231 2.11039507903212
0.0623440763517625 0.186870689397114 0.835927243474391
0.0909527488675401 0.243577717935384 1.05562675347896
0.0734795631008691 0.263707008443063 0.876731496013753
0.432206887155763 1.52920064399558 2.70383386205494
0.175009779590265 0.487346825259573 1.94801296948957
0.212457370934019 0.444498546242628 2.25296312639024
0.176086615154178 0.355746461095584 1.91255999876425
0.0597474650498257 0.186530020257464 0.846976458840639
0.0815036840798364 0.252277612823326 1.02841867854693
0.167633491210423 0.624773550055468 1.84258185692569
0.100056462553428 0.161443894698523 0.941321092233829
0.109460208255608 0.199057034211605 1.24772805531998
0.10130681295759 0.325158876146443 1.23751838685019
0.0676080601238414 0.130181688190006 0.822303251156656
0.0785616829827549 0.296296576648054 0.992226379133082
0.152717934231267 0.367304912946698 1.82899733014961
0.117034517002125 0.357129853460972 1.3003380620126
0.114397051469732 0.191702261738558 1.15405386700567
0.104422189931608 0.247269503505091 1.28221798947449
0.121731888549706 0.417955588426789 1.45666095528046
0.125713835315199 0.28673269192874 1.56916895351145
0.0830753159320623 0.164842269974564 0.991072663496508
0.0675987847786395 0.194854126646906 0.801801017486124
0.149937744664226 0.496669481583664 1.70635921183896
0.0505945047614631 0.156501709768377 0.647447565235891
0.0518358800447179 0.181628412757371 0.65513539543377
0.0605571950235011 0.148485313577224 0.8616654941449
0.277101470863941 0.922611185658041 2.48295504861456
0.168533429764949 0.387077136743238 1.97619035817071
0.200083835587413 0.695451917879392 2.0756312521909
0.096102246972856 0.323789936620134 1.10198522181652
0.0953127287191781 0.297995984057044 1.24753788148817
0.0655921696756632 0.134862993061354 0.831203906853261
0.163412397380051 0.374218714743679 1.87370036430156
0.174541052567205 0.581175535313707 2.01708327657589
0.0738157465938039 0.179692105154913 1.0263930936394
0.211406205850363 0.611372024577995 2.17273725837588
0.101698408109408 0.256589389434185 1.36469461144002
0.125351657928807 0.290257213288954 1.48860064347032
0.0640650530978629 0.147619159987262 0.839545850751824
0.0946995571330394 0.32969674358984 1.23150533009847
0.151746215898093 0.494650034524937 1.79625395359176
0.151946891518276 0.410739490034332 1.85489319398775
0.100156849968689 0.181376653454698 1.11244020725229
0.0791277940264834 0.189340684061692 0.964810589690674
0.106191095212441 0.385363719779377 1.23769887224732
0.0572610097750011 0.13075284911991 0.772617911891433
0.172243297386428 0.614398690561319 1.79804739046604
0.17038737863109 0.38765207583549 1.99221715259971
0.081257314660435 0.306380614842703 0.978869707693558
0.143449301269276 0.494921735747 1.60620945875306
0.0591430509401666 0.133661111334023 0.789871389587813
0.119100422590391 0.463864956408706 1.38687737030798
0.0852561074586779 0.212620291715697 1.09987671535448
0.110249154800845 0.265764819281831 1.28815362598233
0.11262044796472 0.178484361106093 1.07778127089216
0.0473482010725673 0.176328051464201 0.584963631310329
0.071187730905417 0.239629808788882 0.965753086449889
0.0877662927024201 0.278560492015476 0.861921348902829
0.0724416277371903 0.25897369150554 0.865597724391309
0.0922729799604222 0.314117675627566 1.19441280508653
0.216062889981607 0.378393209291711 2.07558243427845
0.143550454806818 0.417667181216227 1.7656416522854
0.131111661328046 0.264388012703762 1.45435099738855
0.112889647162483 0.38624326323813 1.44716890276887
0.0905439070229234 0.225143278903662 1.19311250345522
0.251255638666003 0.962065891468074 2.28381739518057
0.137052499600769 0.253838338718904 1.52992787951378
0.184484496599133 0.641112684474689 2.02165048536054
0.0773764691503555 0.262887908551789 1.00030816452931
0.17493846140513 0.655610403309456 1.91965824594159
0.0339300460746608 0.0727230943786351 0.45408457088903
0.0744747280653902 0.187850332917998 1.03512548960211
0.0863635637502058 0.276240215281506 1.14971009974504
0.100662358638161 0.196300965879307 1.21664386068095
0.104722957913007 0.313170648372074 1.41222133576015
0.0966011122850364 0.354099688098508 1.14548264292971
0.0858377675660048 0.208171055736676 1.1561970428395
0.0975196310825273 0.321016423165957 1.24723917687008
0.110219654213853 0.254544138808328 1.45495779772396
0.127614818224823 0.488679152505564 1.50065467768775
0.0925762108221936 0.287874203005997 1.0494698517997
0.0896745429219314 0.159680166872222 0.988347672670297
0.297088203373361 0.613409140624641 2.50116038010654
0.27232645595758 0.506600360862012 2.29898190663114
0.151672558783874 0.499001267143715 1.69868416609932
0.239179095455272 0.847639459174706 2.26867900139413
0.147254081374255 0.50231185997359 1.52689431407056
0.100148017912663 0.348607024527046 1.3294998803005
0.114615418786192 0.289916597656024 1.22451853697894
0.0521309147680798 0.185124013371266 0.646085262324193
0.086279572996437 0.196903537602134 1.02463810309854
0.346245424740953 0.928346513004924 2.65031958536878
0.183397530321813 0.580612910790524 2.03642890389782
0.162148797161276 0.44456733302422 1.93931235949587
0.085259720774569 0.177658859787185 1.10045284020892
0.069699067434952 0.150296543241384 0.916862454008894
0.118611419416353 0.40263441566853 1.50177344128203
0.106181663268705 0.349513074421223 1.27280097012807
0.0505727004394265 0.135310010776356 0.729115775083619
0.141179963371727 0.439665315068679 1.69099508398369
0.248025294292887 0.653570800007572 2.1648706503907
0.102282379003899 0.339239783756287 1.32552651842881
0.380629430876188 0.932677528955995 2.65109837781962
0.315741079639099 0.600382139334963 2.48594045644907
0.144798626922012 0.457508993527894 1.71941060354969
0.20549137521556 0.618976797997332 2.17076475570394
0.17972239776795 0.595499629115249 1.84808755852178
0.164500451353963 0.292623685684681 1.66920076853029
0.139209778781118 0.341449248240311 1.61133678806779
0.368569183594699 0.654756245315745 2.51253731962591
0.137996038945884 0.337878341038211 1.671694368507
0.0802945405641458 0.180771610694641 1.08717896743233
0.132201882972024 0.265362909365414 1.53766135609933
0.120300339944449 0.249885323425561 1.41613621227942
0.127536130117704 0.393926995607077 1.61924087821249
0.150229011115307 0.266820443784528 1.59630900513744
0.465600778395819 0.889908534111523 2.67422160538141
0.0624309574671418 0.139512748037885 0.85273729145425
0.0596518975975666 0.14312747326521 0.846800230311925
0.0641761261372315 0.162217694829406 0.764325638709455
0.255427259859694 0.54535120535982 2.39744130775535
0.138824712952671 0.403498419857173 1.30977477919344
0.0650639370360955 0.2084104130942 0.928744120613397
0.121691668311437 0.389781102878125 1.58276577532837
0.121303622712336 0.242424873461489 1.44816145660087
0.13235561173599 0.454092359448684 1.62540544346534
0.282646818442537 0.892747756302334 2.40565100962413
0.141967917269527 0.304658317134062 1.68400511518601
0.0757478725411452 0.243637336281117 0.970821988788583
0.143848147576862 0.538063964863465 1.57463553117885
0.114648268791362 0.235505933161409 1.39346366804832
0.499251782316685 1.19830316871208 2.75128847622411
0.0793667959581735 0.24685601160624 1.10981007484579
0.0956738017103986 0.299029345481863 1.26252002594247
0.116766166758848 0.273182754769661 1.41902776958212
0.0620834106101124 0.173394257763851 0.817707863768354
0.0918281884479527 0.200748002428526 1.19833632703609
0.111184943829858 0.252511623305184 1.45054417538905
0.10364801765657 0.197351251085226 1.23056204369159
0.0982719072910834 0.159261672039822 0.967947816620467
0.114251885374885 0.447576900121796 1.3024395630392
0.178325706709473 0.354390725794373 1.72100389069992
0.0801971952566713 0.262020139472277 1.01489263790464
0.0943606837722722 0.302448498180452 1.28836045823024
0.257930061751036 0.527425224896709 2.30890818413413
0.386111078184137 0.857376658701461 2.63850414520234
0.186416697997949 0.416550305030342 2.01068274033517
0.0424871499809472 0.0851872032977824 0.556412286168404
0.283660278163617 0.68158594479531 2.43529874702297
0.170472036781198 0.589556077581021 1.88050328899611
0.128065178037386 0.280470719418278 1.62494106205552
0.0859078922209398 0.271042799038967 0.981271152192762
0.174109594110935 0.572991775109306 2.06129534157718
0.0835321507176221 0.274344177181731 1.15688451288113
0.115980326417822 0.203847673781734 1.26034353989272
0.0368483083695055 0.101506078636682 0.535675896148102
0.0666932277915513 0.211259654452118 0.893247828005248
0.226838426576247 0.387322695303641 1.99592455671154
0.155743818109346 0.256562359343791 1.53404435299828
0.0640959298905357 0.125476907437883 0.795784740714502
0.110739126439881 0.307433875399662 1.40701772672812
0.0632760644682988 0.236511876393787 0.779944486244685
0.102449362008866 0.342449614714307 1.06537556752263
0.120727101277558 0.364396036157826 1.24970449888103
0.153726177159562 0.350190945500598 1.75970674017804
0.173470077898672 0.533615102583276 1.74175896444402
0.0931317899203585 0.282879677929711 1.21569090691942
0.0419290340889252 0.134107682926441 0.610464081874721
0.461605539134687 0.77580126673846 2.61929104377346
0.198567063724105 0.751774871864784 2.04349602315062
0.0856551667476137 0.214679460631555 1.13972189202396
0.0746867830469655 0.239927279181387 1.03705785765361
0.187692776497122 0.483052598406682 1.90425617640086
0.085398509279375 0.164941194686689 1.02397230545177
0.95325808521341 2.93951510516787 2.90206284012525
0.120213241336059 0.37728276262262 1.55380181597192
0.0590779527279395 0.114075404648898 0.732673262578275
0.0886983711603607 0.299954616349283 1.03388610908505
0.216768688517782 0.781754451228549 2.17386709314461
0.11768578836246 0.372230951645196 1.14238821669395
0.131518060068957 0.317162995959007 1.6850561221189
0.111564230873782 0.313465849550735 1.06353255988854
0.079464028643167 0.208193461226074 1.12326450622101
0.0758242642401531 0.182021698829426 1.05894305034666
0.113040214068925 0.233785028190022 1.36260443001976
0.0785257884580673 0.197060983195395 1.09222000602337
0.166222315754289 0.529872929761122 1.9348776592184
0.112965437997099 0.387609023159752 1.49196592933864
0.141780823987106 0.32458927392703 1.69651977448743
0.0612607560922613 0.146203951337619 0.787774147233425
0.0726049862909554 0.169436959735471 0.981573852727638
0.0630735459048454 0.193389379343553 0.82815754553045
0.35150114658277 0.885988616380577 2.54349069749793
0.063545494764535 0.195130204454101 0.765603184718386
0.203628408200668 0.350766857727092 1.82859941046686
0.0821080197316666 0.161249651446282 0.969610726400938
0.127917076964343 0.313129810579317 1.65061270008453
0.0946631180322271 0.204940496189151 1.20233141584359
0.455385401047898 1.43758820454469 2.67228214511655
0.159837801131757 0.308933834065161 1.73864882373349
0.0530799443273555 0.166034870339667 0.753637573054325
0.133724182823283 0.247651123142423 1.44995982219559
0.179239554908958 0.397652806994257 2.00935428037614
0.209761401257 0.656853194319411 2.16866342288807
0.098252785430962 0.353480637528065 1.1313187116231
0.123540181416856 0.343752697107172 1.54468634466722
0.054661103129547 0.195073666620807 0.661626569013148
0.109697273131741 0.222345672029213 1.2720288572643
0.0542889580616291 0.199307220334251 0.706558551934031
0.14381959910478 0.391973497952476 1.82153494072052
0.165175905615678 0.510424221851898 1.7114623037243
0.218197792895171 0.480070812039689 2.22989854273464
0.0611379781345408 0.115442059136065 0.740994952624862
0.112554302107778 0.369668624397355 1.22991762225579
0.194795216931421 0.427057419696416 2.02126793051993
0.0811217307191116 0.210749496191841 1.0917576899973
0.180313176277316 0.576383177123271 2.08088501479822
0.0468846695837467 0.150241304086502 0.6859494765926
0.0961266591990744 0.288835765985201 1.28232734497847
0.0813570228138698 0.152504431889332 0.862163850889502
0.131050737693865 0.280006335565019 1.6099886595673
0.104195454038888 0.279534876677737 1.30443051294574
0.0558303150803775 0.129827545518217 0.782330932620567
0.313133695298679 1.00636391202538 2.50355568717217
0.085913532523819 0.191667792151994 0.99837699106264
0.960572894943271 1.87253013089905 2.89396255666166
0.0636038183870377 0.119649426455548 0.741563007105446
0.0818857741314977 0.260440727675923 1.08740222466201
0.115064244687365 0.439409895373267 1.38157541095969
0.0960596128834672 0.184050661579704 1.14424159915449
0.0915550387625591 0.248508282968048 1.20997315222269
0.067153742115423 0.1806100755794 0.882416663328317
0.0689698274442752 0.167946429137098 0.967538094804542
0.0781731504487509 0.159794217741711 0.9837964235863
0.0860399123192824 0.159965655128157 0.899246563013039
0.0895289326255873 0.212109675214602 1.14952511285379
0.0757336243218975 0.205656054942469 1.03982544021724
0.0816888369096353 0.207676768922005 1.13338279394796
0.222739032666243 0.619933833279108 2.27699071689035
0.136191665147449 0.404817613773888 1.68231231717958
0.0840326392955345 0.190186138517791 1.1058770070605
0.0640727402231684 0.105845610125479 0.644477098008012
0.0774568996718985 0.126339671850649 0.810539046165573
0.168464050627604 0.393617350649296 2.00725615645792
0.17273475442252 0.484566841268448 1.99156616190273
0.0839646615583655 0.221409888670252 1.01155697498107
0.213497295310738 0.646853795262214 2.06943666655669
0.303054800729869 0.526870903573062 2.25744048117083
0.100210513489165 0.37408157267917 1.2236789989732
0.055412577351593 0.167068353833638 0.767498321309433
0.100682216671004 0.213940867377546 1.21768987736504
0.212354017530884 0.394325950002595 2.00168255000776
0.0808121414477832 0.17052951568483 1.01691503824467
0.112898633116127 0.350266059234383 1.19433536004437
0.105579160731068 0.222033693381834 1.326094002714
0.0955979345550811 0.316974347038311 1.1406873356396
0.0885448288131924 0.194686974473124 1.10173242991357
0.112128310979783 0.215608823424744 1.30884416300248
0.05195858998138 0.113077063156869 0.665651641362445
0.111125422872351 0.236297282460938 1.39893957546814
0.227076284808968 0.781456241011558 2.24939837060276
0.163646504549417 0.374482926835724 1.81625580444049
0.140058331632694 0.250796724896778 1.50322228819974
0.119942334501223 0.315760909035053 1.49289464662558
0.165179981064946 0.558659230798482 1.86426351576392
0.138874318313418 0.324729754650083 1.72421272037899
0.09485822658284 0.174143183363487 1.09480900164925
0.0497120597035771 0.141997787470789 0.721208714228924
0.112807874127941 0.312795860662204 1.19587493603102
0.0511785639951292 0.157624259717837 0.511841126138111
0.113321710943392 0.30352272822869 1.30859830114027
0.176469365764731 0.585055005725756 1.99938284625744
0.112026553186069 0.255198114454063 1.43714541288792
0.0669173790561611 0.247594622450735 0.855559602184684
0.0574820922210417 0.120148809384924 0.731118649373164
0.158457224158036 0.361600908332248 1.69077250117332
0.206291182297307 0.653138859954136 2.06836541447193
0.115629329942972 0.285460577277562 1.54459929491446
0.168969528142348 0.531835947214481 1.55977072155518
0.163207756866898 0.490951938403572 1.85561277042465
0.129586653508154 0.396245800737747 1.44329198970062
0.0741419293816864 0.174383939706744 1.01812410969151
0.133365228673197 0.485390366421571 1.53307869546998
0.0935807551250225 0.245596692169128 1.27008365932031
0.181865528808599 0.475157617947919 1.76644594328258
0.100122843795067 0.205656661168113 1.21420845352277
0.0561708766487496 0.122012617601463 0.755128096842437
0.149309162546426 0.513972989042846 1.83223773003518
0.0900268623907558 0.204142508567606 1.18977673057941
0.108837552808926 0.19550109009685 1.21366563344445
0.150649730287703 0.527711948527556 1.71628565071125
0.07730880874264 0.233026718255878 1.05882578783727
0.137301428061074 0.335004918146294 1.63700775079156
0.16536768220325 0.620240892109744 1.78082612260342
0.067206664390654 0.160331266272658 0.876727886438953
0.0658708535958918 0.133266674497851 0.816230707586447
0.185495453182324 0.605452388880474 2.12733649035585
0.11987578651959 0.272997970095498 1.52437179535801
0.112702648548356 0.380949141289796 1.4167882413915
0.0772110522292467 0.207130785667805 1.09031227111101
0.0955048055497634 0.252980422296701 1.26569703804865
0.856816434196196 2.41798149742095 2.85204494421657
0.102581302844935 0.272627916581309 1.25694802655504
0.111632494967383 0.310255625949075 1.47836750591707
0.0744308049749272 0.22620097919806 0.900578026743976
0.049970229536557 0.111049564831212 0.690508419165893
0.11349698203407 0.243273885922938 1.34267067886005
0.0906977227178155 0.297768848397819 1.20356398778266
0.152201215016177 0.423697282500593 1.90562635967658
0.0424027490656255 0.0827138117983925 0.523137703207467
0.109635191822464 0.176062073113143 1.04900542311758
0.0718912489952423 0.134568685027526 0.860365760738161
0.198469982654796 0.473069153342063 2.02567409385644
0.125524625671312 0.315690827230599 1.52703335950369
0.0520542989083056 0.162714053804554 0.761180948122662
0.0616080175456783 0.185122656933911 0.676840575523299
0.19040408610989 0.44770048492372 1.98950579097277
0.19278613479929 0.350323987087759 1.80795558743178
0.0626869421695599 0.207256269277875 0.850959425455453
0.144864058799817 0.309323602921228 1.6689267764508
0.11439978566089 0.235263436995247 1.39449360262714
0.0918752584435006 0.318155077499912 1.195233866862
0.268488700698277 0.804264476921236 2.42567676508156
0.180664095535364 0.572387768637605 1.80764881720397
0.0936834335176824 0.179663632017902 1.1059112219133
0.596896840095716 1.00507392443686 2.76645856925857
0.0692795750226255 0.169242325619425 0.895835329037837
0.102495139083167 0.31732228627774 1.11206451760074
0.0757002054577032 0.183984444228191 0.843191137305292
0.0887102231143519 0.237347397673193 1.04029595785141
0.0663156854006166 0.225869207256199 0.908379989304941
0.30769246394546 1.00809845452262 2.50015553401028
0.0809395477212155 0.199522186285991 1.1120554534355
0.32551193083456 0.938708489298071 2.58199680428592
0.227035980235975 0.805651598527506 2.18205390769193
0.0866744649418736 0.235137799645952 1.19749234959457
0.0827595825965144 0.208658179920488 1.08971118399493
0.127476203623793 0.38931882251603 1.41261498570559
0.227506359202235 0.380569726634723 2.02877231921441
0.0802752144262551 0.149395914236767 0.954386269967994
0.227347151861544 0.725818392524331 2.33314949671916
0.0814401381071917 0.182513799049519 1.0846786319071
0.131288336434484 0.421398826639961 1.65445899937784
0.0563684892644904 0.160567041427379 0.767715094543759
0.0725144421632717 0.233953049089327 0.975155810059162
0.297104416633644 1.05928369320214 2.44139718761203
0.0926333254839902 0.244318470784519 1.19892079258354
0.0701784903864948 0.170974426114357 0.913511890843845
0.174158919144118 0.541469015444829 1.78207042394349
0.136229496376537 0.320454148181802 1.68872235322631
0.129585037936972 0.319597841118519 1.66733213798196
0.132979729461474 0.41299465988105 1.703870848015
0.1043921572627 0.32593587586717 1.34232205699449
0.11491619160251 0.369530586184367 1.51802359100886
0.0870290692779499 0.216123137150809 1.19846301746996
0.104857167570023 0.220743955567361 1.30412057839717
0.0805541918150672 0.254413396392486 1.11430209677634
0.107552271516467 0.398585293297336 1.22678998871198
0.073870702855961 0.251718191640869 0.899620401904701
0.137211113709702 0.331051717866302 1.60390370383103
0.0627378281558871 0.180905728507573 0.91016588866031
0.12452536549724 0.271064837307471 1.42680401035807
0.265772847450965 0.647122769056214 2.36225157849314
0.282887486563441 0.728621291168078 2.41802324405916
0.21150797833784 0.442151031325404 2.14342881951756
0.226050577860626 0.523729899199992 2.25193385139481
0.0641349058691903 0.17280093059259 0.912563213519752
0.122633917950264 0.285337435410269 1.46920788426938
0.647893089707719 1.40226854113913 2.79408830867848
0.131843274030597 0.239156485569106 1.38252020432947
0.0507484810246617 0.160151952894973 0.617756670737037
0.0993342657390282 0.187748097992077 1.17223648572719
0.0762168946754649 0.138239634240756 0.856218884491635
0.0811209949509595 0.18968473764107 1.09363536568765
0.110848910899657 0.180701150163077 1.0969478731942
0.103055563511347 0.312685049606071 1.36102481743478
0.0645918861300355 0.118339462106396 0.769409687282615
0.123765064815691 0.379633518282228 1.56629671387982
0.152639024132798 0.372451338940539 1.89103312033139
0.0480760569554153 0.115417047210528 0.690185042393722
0.081393022574655 0.21195099361102 1.17181137259981
0.075893677965156 0.241840635252048 1.00271392497461
0.0756817673166155 0.182011958150424 1.02881161799733
0.0840437852628903 0.189417632014752 1.09161314830561
0.114302236269243 0.250711667443301 1.40785981026892
0.625891288834193 1.79724761728473 2.70811756354519
0.30197221480353 0.756097571130243 2.55366901224404
0.220967388675733 0.746542970466062 2.14951291464775
0.0489830502724746 0.104691981922928 0.641054292339319
0.249617324289138 0.781691582548875 2.35735432590113
0.0554034112447253 0.1165708331448 0.730934117617689
0.127219758244367 0.411363288389474 1.34275225388922
0.0793181515549111 0.24792790897434 1.0952539636362
0.369939351610907 1.2480337155031 2.67829648385293
0.0685350712992674 0.141514194339771 0.876069064978533
0.123978342513699 0.374717638826701 1.57675182750978
0.209791513259317 0.454062537308797 2.12791728882955
0.0593749053034147 0.210855783455561 0.789361967619692
0.21822417263399 0.74611985473777 2.2286296133031
0.0607453935392053 0.211229923159075 0.771551445363842
0.121366277165625 0.28561788133214 1.56670857388217
0.0597599658583869 0.197647816960648 0.812945092961736
0.171685133460264 0.356274460660803 1.90645997807947
0.118643408134979 0.320422902274445 1.53741265391541
0.216543740307129 0.355882282619479 1.92682221805986
0.0607992055538634 0.151022444722489 0.842864794785811
0.0562246155104438 0.161325649811123 0.802252637574403
0.113327306930488 0.36635191036052 1.11897057296388
0.164695307253467 0.496808937495572 1.57180031241238
0.0622136623948714 0.145573246435013 0.786846342177934
0.0918187325239384 0.292849017429278 0.906170003682267
0.112106992249489 0.191638914757653 1.19330428900119
0.0733920217287087 0.186506076362484 0.880828772624711
0.108707669161261 0.192602585230185 1.20664947152518
0.158093926700621 0.542817119668632 1.89949010939332
0.0834683330167195 0.162941979748358 1.02188641292325
0.110659428656466 0.24119868321156 1.39022204325762
0.154149731244246 0.319187160145415 1.70717001951627
0.0879210238300376 0.266216965685554 1.19729569125766
0.185762971607733 0.535043756917194 1.84394608583191
0.116104318636675 0.350267376286722 1.46993734480257
0.104212811326507 0.216750362530825 1.2950052008844
0.146676401512823 0.260749815096117 1.57114685872428
0.170423737172758 0.408293980193508 1.89155934357611
0.0713802031967709 0.197632747385943 0.775918411540676
0.228235337763912 0.504821644010834 2.28898965792565
0.043356770453463 0.0918747056483076 0.58607734178801
0.061138494219056 0.124387886557099 0.739237777760573
0.122851533411763 0.255430650079608 1.38910866246748
0.143848240745775 0.247938824203142 1.42271278447264
0.278001457913137 0.918826164395717 2.47735388057575
0.0575593729767048 0.198494871750285 0.76287949667726
0.065174031742406 0.174408932545795 0.916236555520949
0.0744685340461426 0.158641709943881 0.978118011769109
0.110768837357497 0.383636256736964 1.41487036428201
0.114361979917558 0.408117997011171 1.40664505843135
1.69855884160838 5.36283096566075 2.89176040556811
0.0550623149090752 0.182348913240232 0.725332735709765
0.249629072102261 0.782922306405786 2.37558989972647
0.164896427553548 0.384566019805232 1.94243981364906
0.113533314366944 0.258814843295097 1.46782964408133
0.10125170289437 0.211801490268436 1.26588128454028
0.0955245456184524 0.177302003735324 1.12595080439999
0.0615882219063543 0.196638458333819 0.879928454853977
0.0834576813837298 0.193718614907252 1.15241330924309
0.0964220976527604 0.238490847648137 1.31497630529069
0.0912595328478593 0.336886768225848 1.09166240107763
0.0725161025400032 0.18832357463372 1.00942161651439
0.254831453869125 0.807682263577286 2.06468524627726
0.122236048099535 0.372579915093944 1.5765708836773
0.082495282783757 0.247529846961791 0.805702291133613
0.076487165209049 0.177825853865162 1.03929795174606
0.0945115611029241 0.186584710760943 1.17868653151956
0.10607141069767 0.265108585648387 1.29395296419518
0.169388192004455 0.530454171466884 1.99441443153454
0.0830105116813758 0.13627492170023 0.831859943290198
0.0684764109048307 0.206369749216014 0.96724792136008
0.101388524776902 0.272973459519478 1.19731290946072
0.131934970698334 0.325342555211196 1.63494322520874
0.0979371208836612 0.223141299150341 1.26551801048807
0.0997457500079914 0.307813832936289 0.998363922871836
0.0692978256416077 0.126319905521015 0.830262001185462
0.0546326454343333 0.115859664326627 0.719781786994428
0.0661027518790043 0.186086430182758 0.921427078395091
0.102525834518895 0.194321260879086 1.17580103597425
0.0684965652011092 0.200964230011739 0.945737999642948
0.25578743743711 0.831245291555197 2.29497418433698
0.0730043516457874 0.223220217847676 0.954051720950232
0.135465742277995 0.270066530935129 1.56295221586505
0.0880020242827449 0.275480458277167 0.997679315645418
0.0581717408112517 0.175051790227133 0.754778591939013
0.084240643285956 0.179073144809065 1.07351670598156
0.0885666451692832 0.351266600628792 1.02826119791347
0.163895475073416 0.518890151727575 1.94918710916102
0.17355465940497 0.39197511380397 1.98940592162435
0.197087180206695 0.42605854831794 2.11333865684227
0.130055971475252 0.415099864146761 1.64683588173765
0.0822641637506207 0.263545281168728 0.968572778179093
0.104013391678127 0.322590769636351 1.39272411270763
0.0916005871725287 0.244271464978042 1.06960942526817
0.431547930261967 1.48286523135924 2.63678963432314
0.123843520406287 0.234399173900953 1.4356554208908
0.0548771197370724 0.126605980385244 0.769453506127275
0.0830526311604699 0.198175669853017 1.14511583125905
0.202077043472493 0.526338617647646 2.15087989996101
0.109713378447969 0.220068116274951 1.33523021652206
0.0756811073116333 0.241829064048097 0.775506987079654
0.0589421390839821 0.128451255515491 0.715276028749599
0.181089141770012 0.433793170706128 2.01491862546936
0.520342891823238 1.66283929770015 2.72852938860002
0.107409524577724 0.217601122564193 1.29480566609355
0.153187498716718 0.311011488895018 1.69139510481825
0.206024821169231 0.412653343585724 2.1253373707746
0.0517627009537618 0.138533408979165 0.720786197117785
0.065791311291929 0.224283460623676 0.881108479317237
0.101975946416928 0.324864331368053 1.21850702719299
0.066093450762981 0.136948740395526 0.868106757048617
0.0877371766301402 0.190854005603305 1.07122024644756
0.0719919694153118 0.20916290476775 0.989322513232418
0.0894946010322471 0.146933240954224 0.928108661625072
0.0985876911504475 0.252147736548975 1.38762099489775
0.094434851635534 0.245272711771233 1.25356121374454
0.407971869146022 0.851917267552045 2.68007696664536
0.0696074872717259 0.139013102467822 0.848543464644791
0.0565896636651293 0.201188552983166 0.700346779080319
0.21608841931398 0.674135027852389 1.9099789787275
0.133525090179634 0.303702667670469 1.64203863420873
0.152853697067154 0.302392839671572 1.69815182388021
0.132278636174476 0.403529890995911 1.67480016615251
0.24862262262892 0.462588731515425 2.28389319340624
0.0626732520321841 0.164813199204825 0.888902586096141
0.0671445522267387 0.213810604889194 0.961613443867194
0.128783095135363 0.262188624074296 1.50912777113151
0.065021212979249 0.144628015482953 0.83653606358294
0.0920214726871907 0.211107739956795 1.18647702240259
0.0540192319043823 0.165424239319671 0.761576376796329
0.0855637365165209 0.215602475904442 1.12933475248321
0.10032805417075 0.316106109591671 1.3209397177652
0.0798675527538998 0.150854136734272 0.933422279353034
0.0904851863370553 0.225503266225318 1.21029560547395
0.116856156035372 0.326166583186719 1.45435593959746
0.0907965194092342 0.248100822739534 0.99311348402754
0.466002803615964 0.936269789580587 2.74192454994221
0.108861586335376 0.312424857450195 1.42018090259781
0.136044741127527 0.221674663802523 1.27414748024898
0.148655984271516 0.466714188484375 1.81643133102761
0.1655966932912 0.368687880745496 1.98024756151279
0.101101165097418 0.23167947752159 1.33480818489256
0.106268762148649 0.362769301812746 1.38029140209725
0.128728979952579 0.286493376029024 1.6215120284391
0.113542145746708 0.255025380213599 1.49516899675384
0.111743310454927 0.348908095180203 1.23844327164649
0.0893905141496554 0.256247968878227 1.23499969828001
0.158299686351708 0.329300274892178 1.83956197808122
0.0883576665976407 0.25386438189899 1.22810225996433
0.184765155677222 0.402313468587226 2.03000395334748
0.165801306808042 0.564444703628467 1.93512512883262
0.0968586628839287 0.174881441370283 1.02007136912703
0.171263948362174 0.600303400109306 1.92585163129487
0.123414142624544 0.432976246541531 1.52548777085708
0.105510151897963 0.213443981710905 1.18466564958054
0.297820946046489 0.928996523132233 2.4364820314933
0.134203703869921 0.354494879719818 1.51471830657331
0.130142159465128 0.416843786521351 1.61439802296313
0.169858032417956 0.51287595002862 1.90199093728491
0.201306841409789 0.368063766623656 1.9877318024854
0.135955505862906 0.420451621757917 1.7112542610953
0.0718586654778261 0.145968012628396 0.918102239679666
0.062309356708802 0.166080817531073 0.812379378819996
0.0769141547680959 0.228773984091792 0.821911555909549
0.221699384115185 0.488029025455906 2.24207836637067
0.0736669982675521 0.133617071979274 0.834845086812515
0.0585131086431309 0.123634485090687 0.734432163771841
0.0479770330159486 0.154938279504216 0.691761215260892
0.0937361037319489 0.320657665339227 1.10556296381827
0.0611267112346622 0.168881785791027 0.869399304281675
0.114146704970738 0.351162368155787 1.53758310239052
0.116429313933568 0.421121064648618 1.42417915907667
0.0700970863605643 0.186556947654773 0.920693386273782
0.123623824414226 0.366436419510571 1.59135316487631
0.0655601189337025 0.185803310852476 0.822182696017565
0.0954572159784914 0.303598387894051 1.28037025887174
0.0911041400389022 0.185328520491782 1.12064880982991
0.124170901560299 0.216607208574473 1.29029566784676
0.0567525693894313 0.126261742642201 0.748216183733515
0.654247788098082 1.46861522331496 2.78066867153353
0.0582102561907023 0.156226248457103 0.744360161475646
0.0755395775798546 0.162469867299295 1.00425075000753
0.146199621884953 0.497392776133222 1.72426569534599
0.800414612997992 2.19049936960238 2.85838782686533
0.105287469755999 0.303244321611181 1.39221148033017
0.0954835856107335 0.215584942142079 1.22618506772252
0.106619361126662 0.331401742892287 1.44231698713714
0.103899562733285 0.204917596843156 1.27729206719776
0.144545866024475 0.509624545220821 1.54286929559831
0.123102631849538 0.266570426663815 1.53813909476238
0.0902807878768269 0.241562851962025 1.10745421812728
0.0910321824224281 0.275450082504536 0.831255625073162
0.120027932832674 0.276704555062687 1.39877866755161
0.127057921518008 0.371521940052454 1.5678138849108
0.0999278715934864 0.283764690984395 1.32892923309647
0.181062060332723 0.425955688255291 2.04850501364737
0.130604664855157 0.286954424939862 1.57804068170083
0.0910987496549104 0.276386505088773 1.1564390374537
0.195461724032042 0.573968749340421 2.13950125896234
0.0762042165384955 0.219679639010524 1.05339339958238
0.0749721544821212 0.172274623639916 1.01587176583607
0.106668754176347 0.251208298180111 1.35336433100763
0.132572564611596 0.414970122869137 1.69847810524391
0.215968779374956 0.548095035576547 2.22343273611957
0.464202186992882 0.830329210969192 2.65634235343661
0.147652199422466 0.288754964657717 1.54072143618733
0.180311744549709 0.528735264208015 1.87381582135496
0.0350383843543205 0.0886735697849348 0.503967811704993
0.0755522877941811 0.261817503164435 0.874172665742864
0.0755070641359429 0.231445750260075 0.763696435577626
0.0940165286890665 0.208370999690517 1.07771832405094
0.0772729976363388 0.240324603787713 1.07772845358402
0.0893455052729879 0.164782948425818 1.00844546918519
0.0434358334697221 0.120535200632175 0.591358494974847
0.140580379683607 0.448398697115354 1.43467912198315
0.131626769247371 0.472419487602707 1.58133998182889
0.12165766740821 0.294150827377403 1.50004583725192
0.0921785255233553 0.206172217199177 1.23034649598136
0.0573978468171027 0.105177340324772 0.664040652252465
0.137047134725197 0.463109033645102 1.65343532349903
0.0865025666054581 0.280896142803874 1.21399074701011
0.191234700825031 0.665495742481084 2.00243545247804
0.862786564141284 2.55281696089819 2.87500279543192
0.06986080658711 0.143744415774447 0.815614878401146
0.267362530000685 0.476745470887378 2.24823739191143
0.200255761029423 0.620842888439412 2.01333394606641
0.355532189713181 1.13197010745801 2.58455976586321
0.132047060287477 0.349405593752931 1.66564663095539
0.217202591435042 0.434498276787563 2.06486115559528
0.0747670171867968 0.175852653090849 1.00047635150231
0.244765538158352 0.406499716342502 2.1309471178021
0.159986919430694 0.2682328041742 1.513521253667
0.260439763613934 0.936772443786112 2.32599537271909
0.0620771576048076 0.200018419982437 0.815318673048407
0.0760806442621789 0.170559851060355 0.900308989969053
0.32472318265562 0.744266276538739 2.57152891890914
0.17369249215617 0.507328013453233 2.03289856833717
0.166193953030974 0.406265140163778 1.88216524029472
0.113491061555761 0.410663522980563 1.39129463450561
0.0875854101058531 0.276220717093953 1.18997150684457
0.09065138419306 0.313889775386854 1.04760340589527
0.202052333071863 0.464051399830861 2.16377476592392
0.0767070007206303 0.201941453477463 1.07254145532001
0.0659126075676955 0.117304230495539 0.766920469797809
0.341874362496067 1.04960937598246 2.59042321428396
0.0761343039468092 0.160505259860674 0.93806035033896
0.151314688444525 0.408110529668926 1.48242046123737
0.056290536485848 0.110967286261397 0.720512670806563
0.205924880445231 0.690966926762958 2.16120589495613
0.0505314341921205 0.152468057761692 0.709587295353667
0.0615428608205037 0.186708817475866 0.888440851911495
0.509369081557666 1.6647396641053 2.75296785507431
0.0861079984135546 0.174975904475154 1.10147343132004
0.077024594287889 0.249616336696902 1.0324141700361
0.129845691397533 0.215940671797833 1.28975906043514
0.0732118144644668 0.138527032828383 0.870014726585462
0.112962731185789 0.328722885553266 1.46048503917031
0.189518236842976 0.695816099738733 1.9666375093311
0.100817577164212 0.2101875984454 1.26725295048199
0.0706348910116944 0.228590081868201 1.00102484539102
0.0917261705563333 0.291805576397915 1.28177076015362
0.110599664462702 0.335850287880006 1.29692989575113
0.1371005795396 0.259086214198216 1.47608020256707
0.0672913667586471 0.185674754214132 0.983705744947945
0.113701447806494 0.196617741253052 1.16291341856449
0.0859137536722593 0.270886077943359 1.14299594073062
0.113660514712894 0.43546766326428 1.34531195990374
0.0869525121695684 0.300060894648769 1.15896611704607
0.33907221445941 1.18871099840282 2.56871274884853
0.0607625202788765 0.14489971666483 0.738536889355392
0.0920835682348708 0.306000503649874 1.19270877850036
0.0926823308478973 0.178767473532464 1.11450347365495
0.178470964052896 0.330001878256187 1.89777248125488
0.151785367801898 0.536303688620402 1.58689660816259
0.113361675142344 0.300995966849612 1.49099953239466
0.042922808753444 0.0916979624853859 0.536879230137382
0.0936199729537113 0.207252018211736 1.153171878775
0.119784454119322 0.245742574552627 1.41845961581011
0.0634919340314594 0.138128886101087 0.846912836897497
0.0963565073301353 0.257322491941344 1.30953964249045
0.0773062540542128 0.240332052428514 1.01534831699897
0.179279031983895 0.496224685179335 2.06293659388057
0.0444446674601589 0.0916066129660988 0.583034994822412
0.0451984564936101 0.128168539937267 0.649700081486543
0.0895587877400988 0.186359499522672 1.1108032803792
0.123006730788115 0.381206299480229 1.19756840853742
0.120549522728476 0.228487833840416 1.4157351780312
0.288307990264077 0.718417186698859 2.4910938749556
0.0494854942902303 0.126882212249175 0.723002196481264
0.070494062625588 0.270985502917609 0.856315000284809
0.0728435543799156 0.245946655794093 0.84578704924581
0.13715854316553 0.447102846354866 1.67884678093054
0.0814616526300699 0.250709155744021 1.12171022268723
0.0689378733952599 0.243375946007698 0.906313514796729
0.106288222439678 0.346120275847281 1.07645095413359
0.34257372710097 0.785185537526015 2.51416414589102
0.0948829894186621 0.294654764445588 1.26495251024456
0.067415359024811 0.202367425641289 0.955842532085954
0.14495225903502 0.49883931811087 1.65982603262749
0.091622578026783 0.259332240219143 1.14085854663749
0.166005074555296 0.626498783490364 1.81058614250542
0.0279534558646746 0.0820988835896943 0.383350379100149
0.132769439066993 0.315840139343475 1.49244668457937
0.142715286165749 0.323676579365951 1.51208985464289
0.153257369883299 0.431591928853295 1.84703465567781
0.0849226323524359 0.194193002640236 1.08064619987948
0.0817702213238029 0.147146635109758 0.871031272808098
0.681227477984448 2.04855249904326 2.80061644485749
0.125380073911494 0.201938846148131 1.19859383334456
0.0996619688037885 0.185045037047398 1.12676605442404
0.106821803019242 0.208366632883289 1.26629162488974
0.0546287570314261 0.132097969224822 0.773285624358468
0.0608088860367088 0.20253143911966 0.767519739358332
0.133973575702241 0.322360289457477 1.51701745434068
0.128765901014885 0.407347169889581 1.60902787300182
0.139636239577494 0.323776362780693 1.72253536492406
0.291646286504013 0.779858948089334 2.48608880016375
0.259965207697946 0.796339496481418 2.31952243097754
0.0850954415386502 0.311468958199719 1.05746152226829
0.177731952909388 0.540017789188713 1.96322153830715
0.233922299235438 0.702202238217398 2.30960859069167
0.444289323297147 1.11759407587404 2.7163782808859
0.08325056415289 0.187141682303235 0.965002540707338
0.11363481183702 0.2091824936845 1.27482420902336
0.290630472143124 1.09135425518405 2.47505188372414
0.132846711469002 0.223878427815003 1.33768389948822
0.100585282489368 0.19170182802 1.16973151411645
0.228964746118934 0.73540066012358 2.23702068392527
0.0917568698153029 0.233365606505572 1.2507608262763
0.0502515095559118 0.119223678326776 0.706184509424826
0.131950659431587 0.254829534328172 1.49088536973065
0.114227525116549 0.327934356677585 1.36255899558594
0.252201202605253 0.827232692703167 2.26325102015492
0.0606678557305167 0.168136160679506 0.779029200749832
0.0784775187027103 0.187588595153785 1.02929305629578
0.114898916313557 0.326941252432761 1.49705596283892
0.0891000913638638 0.313262038260534 1.09255767612097
0.0780811615001427 0.163727613174696 1.00309521813857
0.133735546370633 0.362022585043886 1.63494641358734
0.047882577838756 0.0918697844078533 0.604097513249692
0.104489164824461 0.211292068146618 1.20223916111473
0.166193821742244 0.572214424127173 1.71270385545123
0.0931407160105233 0.190573592784102 1.09914843334613
0.101080011805908 0.302185747262325 1.32790558424831
0.060385207834075 0.201742293206234 0.744032543745234
0.0585709365489832 0.123069274410852 0.771693100930699
0.22404544406697 0.484617893994367 2.27180305540853
0.0927248494768245 0.28770290659602 1.14190455892513
0.114818237270337 0.38341394355122 1.47336488685334
0.129307651265966 0.350447679776044 1.63669936798478
0.092329324491068 0.313513434924861 1.23903125511849
0.079503378506568 0.263108937049585 1.11298061010939
0.269911716236532 0.771494053262071 2.4614896958316
0.110760882053095 0.283826032783722 1.42553732249896
0.0485397280125236 0.117848106787823 0.681702082394501
0.302324871033001 0.651513156449699 2.43398689377717
0.154875510143598 0.378990816910881 1.87658034238002
0.312532058630304 0.76583716517526 2.45107144377995
0.0630916955033129 0.14890511407606 0.874094565124058
0.1042668219166 0.199140369989814 1.23844376375709
0.0982195335084011 0.314843633134052 1.18310125335461
0.0921356546663687 0.348132829008911 1.08444220486586
0.338109090457243 0.596166831214686 2.46870883076071
0.111649048163884 0.349046825876976 1.20147868774234
0.545606752972803 1.79327416170991 2.76429998107775
0.103983847493481 0.211980900160149 1.26231775645136
0.0806499902074249 0.271925741076966 1.03235821624044
0.0787063531372175 0.16850422288575 1.01755225484745
0.23812515328875 0.577008541618081 2.35140563761188
0.227722898109115 0.452596164956617 2.19440455605119
0.13694234782664 0.429118784112095 1.7402065807408
0.0639582132036943 0.115884006131934 0.666347094962182
0.131474804622964 0.315272335874803 1.61488691709184
0.088158862111171 0.288538472165108 1.04768224117373
0.0645321894155012 0.157437271480265 0.893242193496484
0.102638053877827 0.229382308387726 1.35207239389316
0.0769806901592642 0.254299887369152 1.06809118068825
0.0494260178596137 0.12718069608855 0.670647922810707
0.13645705861311 0.286054077370019 1.59731284850084
0.157601212832405 0.28405685644126 1.64128008243031
0.110517910644574 0.302739616914272 1.46033466531685
0.0930843238098742 0.2861539749013 1.159723747204
0.0691498725162771 0.177893067619585 0.951601180417447
0.121355263472061 0.326024379589712 1.53579832618374
0.0676838537285191 0.143175853834826 0.902454981001739
0.150567208269971 0.476423464329484 1.72797897677311
0.195325164154014 0.458814551350756 1.96625327859614
0.153679322604823 0.35767899235776 1.68576469295889
0.0704417224669966 0.167298403532046 0.868259467101436
0.0675983042840733 0.170346345307825 0.951581224152577
0.127069208914893 0.422410342089052 1.53257571984916
0.278852195497299 0.943025449640263 2.32372474192422
0.0480706132456122 0.140487389256397 0.611809176372796
0.209923062576457 0.439067812157055 2.0904105293135
0.162228286514976 0.487617053563833 1.87885631642283
0.114141155650322 0.321186675787624 1.37454272517565
0.0598236107095323 0.117559007670048 0.736044667422575
0.0746716581774511 0.165082039521641 0.954624261252103
0.248955183864446 0.792638626406045 2.28946028381319
0.0690633432110305 0.201512882823657 0.958837566225167
0.128656473666434 0.270226739954643 1.52633090288923
0.313895041976977 0.563981432453274 2.43170821806444
0.152946311132713 0.380633281612204 1.8696530373375
0.0886574819075743 0.31567147262376 1.14008646048953
0.42935409449375 1.30082550937326 2.68553425940725
0.164879821665256 0.35427088613994 1.76108941246172
0.273115858408944 0.58314303970505 2.38356630834846
0.0850387392485585 0.222947441522522 0.960644523778802
0.0837813633840147 0.238428470317838 1.14149450807444
0.230560426970959 0.601633759608232 2.25348622927124
0.226360790836676 0.432329112509209 2.19462302131939
0.0876290348588772 0.254704097642723 1.14269120004292
0.0783624051475207 0.164634087626374 0.931854037999309
0.108925385566445 0.194688365023349 1.16780621610525
0.0717924022967075 0.223361589904311 1.0288530646512
0.157402683824561 0.323766481759311 1.79283913912851
0.101769746766676 0.327988270462806 1.2481050195014
0.0801509663137432 0.195250350961186 1.04929018300313
0.24479558656065 0.746206551115549 2.25358716752157
0.0938865091782502 0.293369495905164 1.0674760710634
0.138837637729817 0.31559216010604 1.66397733029825
0.0889169464153332 0.17038375373334 1.06265522179823
0.0582141409643456 0.137291308525324 0.773063730234124
0.110906635174333 0.224921253734489 1.32308665673226
0.0814451001456968 0.162842389962193 1.01272115569982
0.136580146734817 0.305265226961116 1.67541574068418
0.120655837600321 0.266855512995435 1.52762565774862
0.424492059506241 1.09412674918707 2.66739441570111
0.115160530802422 0.182274174498205 1.05158190846948
0.255194170418628 0.630747002961154 2.27177409190097
0.160327040614091 0.369843447089854 1.89175076317804
0.839006727584666 1.78239664224312 2.84447259804142
0.0561234618013947 0.173261256968663 0.774988944371222
0.0957315147205026 0.233751802242521 1.06997907207459
0.0488763526034662 0.100894726774578 0.640967922535793
0.138043667223701 0.506246035067579 1.59216673502284
0.0979038115203068 0.265960353619377 1.34755295128485
0.170586878231033 0.51206090709096 1.95809840232899
0.0861042658775217 0.27705321400677 1.05031259535031
0.109959437931577 0.329597122759355 1.42845152792068
0.218981037981095 0.709178140224254 2.21354982796728
0.0742492247264839 0.175045162568135 0.970452072089834
0.115487609289154 0.355076337300314 1.320812707526
0.102330182794494 0.257633129315828 1.35433139418572
0.0984692762462829 0.354077318795896 1.18691819394266
0.0660841608573918 0.226405509926408 0.873251866573109
0.0995246954859871 0.234430076384001 1.24286142164428
0.171309669407773 0.376455051737044 1.93882437713792
0.0974931304227613 0.318803881503889 1.31050371362305
0.0831433850821229 0.223382516081592 1.14586475996647
0.0972080199227328 0.204659581781472 1.22974807604065
0.0606295994740114 0.156048128177701 0.793514774545489
0.0905144654011163 0.278826184489546 1.16066343559506
0.202442265802518 0.692904773110822 2.13486244592422
0.0710599831266496 0.169564189980436 0.962275002385198
0.062066449974546 0.176072676722904 0.854280403337438
0.215661977153651 0.447357945352387 2.1979772856556
0.912079063989553 1.56431537481607 2.86259764306161
0.422362165731568 1.10706574703367 2.66337395901171
0.066795448612018 0.154720432271476 0.880326322757021
0.107062328442118 0.259573140940578 1.29357722515679
0.055538550444162 0.14760103256399 0.788194669385956
0.0664110721807694 0.207576998636469 0.824128415843431
0.0701660910150886 0.213958979540065 0.880158541185437
0.320256011377639 0.844757708889584 2.58216712126375
0.130304575513427 0.423799019266442 1.64530975930463
0.112144237161079 0.358758082025728 1.43519948763658
0.0774242920007294 0.187862660125114 1.04881005853221
0.219697376025592 0.383823832926468 2.0309594565391
0.169179738600538 0.49479547903493 1.96074854699339
0.0657871399720651 0.16120207459271 0.771413141087791
0.20609985892312 0.681381878499149 2.03439723292806
0.0706707616486961 0.12803972044001 0.73669892128492
0.0765718906928443 0.18642704701377 0.993959571865066
0.118796357369607 0.448145730728646 1.41988567977968
0.0657084834284259 0.153179316266908 0.903131861103435
0.118361755161606 0.2477198461021 1.40929492080792
0.380514811171634 0.853370762690939 2.62121616502858
0.0626030054325386 0.165452446169407 0.786725096351311
0.0582095220198015 0.177450679943558 0.76496370825105
0.0780915790112081 0.25191436145407 1.05509858448391
0.150538670583356 0.502461405909236 1.72901122682675
0.0698575970032209 0.143944616491915 0.761513766055894
0.121694288428081 0.262285003687285 1.51355577774536
0.0977563072393483 0.328362495430636 1.11148195926593
0.274066736725109 0.766678171258404 2.13989614589622
0.0738405457854908 0.245588233886256 0.847010102686908
0.202844116697156 0.634407582242393 1.85727709024951
0.318820586279346 0.774456146464013 2.61142250272357
0.170526668218748 0.505416819381847 1.8240693969502
0.113475057950438 0.308051427802117 1.41250328846451
0.872925705314811 2.7927563860089 2.84878703005171
0.127179779712455 0.287470587535497 1.50375475830373
0.0750072121709111 0.235723578473038 1.04170029311922
0.113239295955787 0.384139401614681 1.40143666689312
0.0581354991654012 0.202131454642605 0.728791369338566
0.113774325038673 0.363548202918146 1.38539924523073
0.164414349899422 0.494540913464136 1.95174288505195
0.100000648351479 0.220220242901298 1.16827425802064
0.10086958727933 0.184345354003039 1.16919900472843
0.148109459619743 0.392174920250201 1.79231100796069
0.0730467123000134 0.128784702129721 0.78804686583377
0.0933936262009738 0.326086765090565 1.21324531650857
0.0695945534437494 0.182267677969651 0.875836628707094
0.0624019283969709 0.217009801767808 0.801704856681721
0.157992478242654 0.460095116663905 1.89710028479
0.0747523399123357 0.25493995603214 0.917677763511169
0.0690122948117224 0.179528602457553 0.881673116297639
0.275121922039097 0.442245507924376 2.14443095695636
0.0804973647175221 0.177385970103444 1.00272318945395
0.0603611720665024 0.185349964942243 0.873037757167803
0.0949162412005932 0.232443858401551 1.23186359253936
0.270697883667465 0.576370686335685 2.41659403308397
0.342140684399108 0.552973408108147 2.37374126646334
0.347946769224727 0.547973785481624 2.36991431106002
0.14186236857199 0.25002009854722 1.51189353302552
0.483436666749573 1.72704612365505 2.73311165357924
0.0843396637426832 0.275510831829364 1.13244324769251
0.0631118899280986 0.233014453612883 0.791429283819801
0.177452752869722 0.453745003457417 1.82009346987987
0.0847661644413637 0.269117329263083 1.14758001361058
0.19500256766275 0.327896665766129 1.82760479362392
0.0726239324347002 0.223171645205685 1.02596757274472
0.106130491304486 0.372578899179228 1.27140075626801
0.206972164430199 0.359008041079149 1.88620826029027
0.0754377663239205 0.219417824021964 0.927463663638598
0.15439316244799 0.419219280423825 1.80906229556011
0.185666387209795 0.544733222371139 1.88650774687834
0.22883992667429 0.450713217729662 2.24179508208487
0.12417495672301 0.243416816661479 1.46889951721598
0.117358144046695 0.214634332195257 1.30798991058721
0.124581024741986 0.25689426285137 1.51213831409932
0.209657214977918 0.563124750451402 2.23026620924397
0.122422169538835 0.250852934128708 1.42882958053969
0.103506010923291 0.273407439643001 1.09603523553459
0.20861133873077 0.471701259022081 2.17683851451981
0.10681144215712 0.223886658698576 1.21868281989716
0.159849125792778 0.490619017886589 1.70202553745745
0.182356160134121 0.298048723388677 1.63715328688658
0.173130789992973 0.378278951806674 1.98423578600513
0.0511876874503881 0.102192418040918 0.662763910671854
0.0539330565878658 0.179938215342586 0.759428897455929
0.0576470624178764 0.184859199226267 0.771042696572953
0.133225347454239 0.46810638238022 1.60950224271992
0.067782514091793 0.135697340382222 0.808512735412453
0.300461179676093 0.912659154129727 2.54788298637014
0.31888285493325 0.867869869109453 2.58834194361045
0.0611204655588545 0.183561413550622 0.770375193282964
0.192498153821846 0.623081505459149 1.79557052504635
0.159832386504326 0.486610647460909 1.83392467530288
0.0868916486944048 0.262488606005462 1.21774471847181
0.22113229878667 0.601996664544385 2.10819598054988
0.126113768183899 0.320482614128641 1.65394522679096
0.11532287316768 0.303292668134614 1.49764248865467
0.100638909805953 0.251599070141936 1.28734095358759
0.626820256209191 1.92346694677276 2.81855792182024
0.0762833819257177 0.192820568354217 0.933816860184558
0.0956144441958539 0.292344150367183 1.25597835202242
0.0394635773670798 0.0947009515224422 0.539594222591943
0.0884583485407123 0.22588916003179 1.1074333038265
0.104889322443056 0.250810553678752 1.34197004770991
0.0770487826857964 0.225343698764793 0.970325303202836
0.187995159054195 0.497243547275256 2.086953362692
0.0842868615769133 0.287815682405713 1.16972345791763
0.190886904532647 0.444784948527941 2.00612395305562
0.269198774789999 1.02464075128826 2.38338579466974
0.0795402473094796 0.146520339965667 0.963000998629985
0.130252272478418 0.377891427527509 1.54757197601593
0.114693493303726 0.28344979593685 1.46105830135628
0.0498286268846123 0.0840788261523508 0.524964049497439
0.0743568257619214 0.20551041344941 0.95869406535953
0.114426960945903 0.381622005361461 1.48819947437312
