0.00188271702214701 0.0263810475230785 0.607507367826628
0.00161269384608561 0.0257832990835648 0.533087913402934
0.0014810436593271 0.0223517357542964 0.476390687527343
0.0015624164907485 0.0305316837409643 0.548541695805979
0.00218867776979073 0.0323813165754196 0.719761681498515
0.00141856863222039 0.0209667177168753 0.466610429031231
0.00187198346213145 0.032884557453508 0.625643031036806
0.00150653307557625 0.0238690262345463 0.507561388183217
0.00146138017414989 0.023972598360259 0.464275678882572
0.00171337705967939 0.0295750045907137 0.540604780139324
0.00183403230771617 0.0328588787268368 0.619757510672
0.00141037191625235 0.0221692261389434 0.454634199508099
0.00191542765008348 0.0309220810960776 0.615566962510484
0.00157419051584413 0.02243124969306 0.507083791300605
0.00133142761123858 0.0238708854235271 0.451263513821502
0.00152651699685898 0.0293770335517507 0.504209994313668
0.00159329395105247 0.0231506221726519 0.521954467595533
0.00148076481117502 0.0208278302018521 0.46601587672922
0.00138832649751056 0.0266276163962319 0.461860340149843
0.00208507443489438 0.0274316394459501 0.612512784407567
0.00175485211283526 0.0307662570427481 0.552107168857212
0.00135247831898921 0.0250069184440732 0.42446210274613
0.0011804207870791 0.0170382179993518 0.407569900193308
0.00162749374732598 0.030030363020242 0.528593573219192
0.00163293692467193 0.0271071548531878 0.519776556264029
0.00156335166086321 0.0265460655183136 0.518378888026757
0.0012494362983621 0.0198199264020915 0.416933050728635
0.00158094005874028 0.0259308610446154 0.538115935916583
0.00159222193848222 0.0293369887927149 0.498131952350611
0.00152304516107826 0.0243099806476574 0.507409724685605
0.00216488244238125 0.0317370318537498 0.687250310001731
0.00153150455091648 0.0264877223943474 0.485341243733683
0.00228303842326738 0.0365916466655037 0.74578249061067
0.00192909731722748 0.0364102611808283 0.60785623222708
0.00161602047740711 0.0305676385046587 0.544246996724075
0.00178837566171247 0.0310480291681261 0.582136133685913
0.00133575919973593 0.0167370022797388 0.422676843241094
0.0018222253800916 0.0240099368728292 0.568023034059165
0.00154736647698752 0.0244031161874171 0.492048651982224
0.00156930370751801 0.0263878924338392 0.529836555348486
0.0010842135715267 0.0187246616732268 0.353115497366706
0.00185796729928409 0.0289831732956496 0.59208693841122
0.00179819536863149 0.0319638572258165 0.604982838000098
0.00214493429141793 0.0319026109529901 0.707820159541928
0.00160457946807776 0.0277926467588977 0.506946523166329
0.00159455872594076 0.0250468500008308 0.519917604777646
0.00183981252974926 0.0301962553222459 0.579218866867464
0.0018979383372458 0.0305678482097426 0.617238585643035
0.00126531056119436 0.0200904292885125 0.400048587206557
0.00173586618782923 0.0298044645348646 0.549044213992654
0.00162039215418046 0.0283715765279799 0.523473094539793
0.00156337243546099 0.0302519859019983 0.524316443295024
0.00171519108877122 0.028085677530647 0.541071031303604
0.00166646709519988 0.0306557031212784 0.53229249240238
0.00120345994977689 0.0167338908565769 0.418706818826645
0.00132091492004688 0.017009365152183 0.41406862958296
0.00181439022658871 0.0294007361152055 0.566124177558811
0.00208092246669418 0.0287068042362738 0.689887379199236
0.00155246480926211 0.0235249455844762 0.487673663581882
0.00174474475116578 0.026283203637521 0.580791222166938
0.00160677710450955 0.0275552517560916 0.526974467059779
0.00167503816639843 0.0251432650377868 0.534868316217462
0.00123318930220369 0.0214262943297678 0.407483503815701
0.00183324675867787 0.0279155063556522 0.581468966868432
0.00152276794095772 0.02287070751563 0.497033982957716
0.00172565403277444 0.0265210669879301 0.556151246926641
0.00181120378915253 0.0358929390742884 0.599527858747529
0.00275606238752427 0.0506033286436504 0.886048413850623
0.0017291869367187 0.0294503491206118 0.567882478873024
0.00151302563312902 0.0252692334885187 0.49808238585491
0.00130332298719777 0.0177164852692422 0.428066173673375
0.0019083822370564 0.0325214105443428 0.612811573438612
0.00114573872482346 0.0168166509381862 0.349448951103687
0.00185437686366844 0.0363327163878912 0.611296004777922
0.0015311391426084 0.0205417361198696 0.470072930232494
0.0018292411252731 0.0396308729249046 0.609614042766448
0.000990023572952983 0.0130044242828563 0.330005655770989
0.00185471715378062 0.0326369989930138 0.601162286130476
0.0016460806463531 0.0326663608860344 0.545843035574275
0.00157366658652569 0.027743289075287 0.528113004164408
0.00211178416075607 0.0307639866844838 0.679829118403789
0.00172154719438758 0.0244437246828568 0.580156079686294
0.0021293580509925 0.0324085727195788 0.663643361454071
0.00189116877065173 0.0258811998359281 0.611105275952849
0.00251715401807544 0.0377497622553148 0.829650936557964
0.00190335458837141 0.0333852478261947 0.634699306908767
0.00162095893768852 0.0295769011517675 0.537007391655325
0.00109731010824613 0.0152727824468487 0.353008810920465
0.00136927097268274 0.0189711610297605 0.458114967485584
0.00110661408007401 0.0209128015641714 0.362742648970071
0.00145818680589092 0.0247712730570527 0.487973950465173
0.00155093322977607 0.0232556753583878 0.52157216577867
0.00139150588696924 0.0200436135620255 0.444883004345825
0.00140952667688537 0.0225144056222776 0.440879242779859
0.00128066642606469 0.0225306211694983 0.418875741186805
0.00129341936051729 0.0258269535713737 0.431994107931894
0.0013383934332647 0.0227452488173168 0.420499017642192
0.00159059641816818 0.0221909985982111 0.52222081372657
0.00156637161615334 0.0226472558987614 0.486653777628667
0.00148421990376438 0.0241783757743828 0.49456077367526
0.00122562724184822 0.018720735990506 0.407768486768726
0.0030432763318868 0.0524773059541406 0.960970586535399
0.00256270041796133 0.0496158886712353 0.841755617361859
0.00137476814402482 0.0276227017711209 0.453693919548915
0.00185651286055249 0.0317363380950192 0.598492018235197
0.00133869027304895 0.0202722276737954 0.438336501282892
0.00146852897232528 0.0215011476526169 0.485696957303306
0.00197751301476208 0.0317028571427159 0.647001846989579
0.00234367015878114 0.0374829582714137 0.763419390961054
0.0018730659451432 0.0402889304784234 0.651340297931684
0.00168878937960334 0.0255816725022498 0.538096850153324
0.00183884651951923 0.0386585092279189 0.581636572807395
0.00148773468641998 0.0317981568356003 0.506820061037174
0.00243841492625624 0.0356349069061277 0.815492060118642
0.00127930661528487 0.0193906394283448 0.443042351828204
0.00177394738428718 0.0282936353249759 0.588665780182557
0.00162763487564599 0.0240717034470591 0.517833614018188
0.00153713170967121 0.0266415990668946 0.49997316192268
0.00139438089564856 0.0222392320446671 0.44391241153232
0.00140094595833446 0.0200068600695503 0.457887036279093
0.00143436838657906 0.0223468848735768 0.467407617805491
0.00165508595694248 0.0246606206360609 0.573600016025559
0.00169485668521066 0.0297401263628515 0.561063858323795
0.00143796372217341 0.0234059426869128 0.463223581946405
0.00166010990536929 0.030605006077628 0.540499043929136
0.00364554250539349 0.0806080295148751 1.16791705834873
0.0013485690788096 0.0210302510258724 0.425073679635446
0.00114044379210836 0.0173594044376019 0.374599480617312
0.00288767600905514 0.0435550988506204 0.906835920093154
0.00138251865558633 0.0255847714647158 0.462963541436208
0.00173836664445969 0.0308165154812747 0.547092206091833
0.00166708518790857 0.0311649344509752 0.530597135737064
0.00194510065202144 0.0328385271647115 0.650023518486829
0.00154600683779188 0.0364210599053187 0.514130010169927
0.0016143631988384 0.0247173481581746 0.513371826105332
0.00214172842826493 0.0371609129933316 0.718971949253778
0.00192384598195159 0.0297769330585388 0.62318289989198
0.00128128887048841 0.0233970310599966 0.438217461214956
0.00241842970240003 0.0387553420452791 0.766024803217561
0.00170426078198858 0.0334899505751144 0.556422377368188
0.00179405823656003 0.028031987747754 0.594412807288613
0.00169251129853286 0.0295766198605376 0.542066609996406
0.0013327419522188 0.0283427068261874 0.444855261508811
0.00200570660655414 0.030660273947087 0.606792686994028
0.00136586081572694 0.0214720687210378 0.453066832201981
0.00195646592850739 0.0413641749334568 0.647875796745304
0.00146550706625071 0.0215323356419284 0.453960412504317
0.00123648668589619 0.0185195842373236 0.3770899368892
0.00244568151044005 0.0461257897540278 0.79240062804026
0.00135109738352233 0.0187278121552268 0.455506089855244
0.00264457292478027 0.0487938166188397 0.857266241617469
0.00110560523241213 0.0176169493851971 0.40998769512906
0.00199965700026728 0.033854669410182 0.6535012114837
0.00127456865388743 0.0194976956075305 0.436776045570264
0.00134478737201024 0.0258224922950333 0.458138858989135
0.00158867217421368 0.0252832099662277 0.529657412120774
0.00174875004672932 0.0265115114709288 0.583107542447392
0.00138731831705386 0.0231093661284903 0.466046426211554
0.0016820304572487 0.0286594805278448 0.582333511562511
0.00200270797619819 0.0259814858805715 0.652225201822324
0.00212526323104286 0.0276562612756369 0.689640112683802
0.00195454736836811 0.0316391086679567 0.654367152475444
0.00137627477563082 0.0241878675348151 0.441202156127372
0.00157593729996255 0.0266121364517581 0.513102083551833
0.00165907164168905 0.0299081482201571 0.553019734415729
0.00154517801835314 0.024033577661722 0.486932379067024
0.00165998411227589 0.028602370680601 0.524466072627589
0.00194734757076919 0.0332859943640806 0.633854542998462
0.00176899471680343 0.0233443011661134 0.576536136417884
0.00146776639968531 0.0277432974682947 0.489403889855572
0.00190062738825275 0.0326340676200575 0.668520082412643
0.00213257534830691 0.0286218236524067 0.676971957259428
0.00239101560251314 0.0477966383315771 0.776379227088191
0.00204280464197468 0.0292802675357683 0.679940978834735
0.00132219576909324 0.020357004114068 0.440255920280022
0.00207581474631084 0.036433790945168 0.658176030554853
0.00110061384514982 0.020903488938175 0.358886111060964
0.00101695754829277 0.0172370964819645 0.33227216714809
0.00250460786685303 0.0332832895317501 0.811018216120094
0.00201962150613886 0.0302459886892321 0.651494683813798
0.00149151504420031 0.0193514299652706 0.48266388279232
0.00242816361374404 0.0401361029621898 0.762608301509564
0.0016544022974378 0.023010920011819 0.53572308563388
0.00170855070607293 0.0334933877559928 0.54082245164915
0.0017153173504615 0.0255745337071234 0.56847385649994
0.00155040870539907 0.0362560068740841 0.500226014622349
0.00175970758536779 0.0348148686650009 0.586425098267752
0.00155776289117324 0.0237208424770279 0.525413563677633
0.00137806071715186 0.0211200745602839 0.437839664025837
0.0012876685967616 0.01963834050638 0.41510787416615
0.00179691097786848 0.0277166223226295 0.568572154229943
0.00130891615863048 0.0232273160087343 0.425942029917058
0.00205671419280125 0.030399887415498 0.658264411572733
0.00125604817386268 0.0182667230789036 0.432272211768882
0.00244768216473413 0.0485517247228411 0.799659350858405
0.00157899568722046 0.0251614336924928 0.515663394757883
0.00154480708440621 0.0247746704713047 0.521663659631874
0.00129593008564294 0.0196618012195587 0.416479198721746
0.00192647511942911 0.0344799267029416 0.622510854055398
0.00156623603513092 0.0261395735927433 0.52184871151158
0.00119819178026153 0.0188947450238403 0.393835565026383
0.00172127472489606 0.0276967721020637 0.56470285230693
0.0021328776139013 0.031152839381443 0.682734477282053
0.00196706150259611 0.0308867409246794 0.672178862082615
0.00147330304367553 0.0201744725032759 0.480910896643286
0.00126335317373723 0.019970598844608 0.405940291292974
0.00192217870048442 0.0321468437453784 0.636691500207927
0.00158343577522814 0.0228995978491344 0.509691051792954
0.00230040922895038 0.0402958231868952 0.72679958668331
0.000923294571993624 0.0144905068828998 0.308679648640647
0.001647219461261 0.0304514401038419 0.536362930970187
0.00114619479826557 0.0166468031662567 0.376616553327952
0.0013455892374014 0.019578406575575 0.459993414761974
0.00155289159281711 0.0294850629422281 0.527355106497545
0.00129684915606418 0.0208603570190719 0.418820204518753
0.00138009803242691 0.0229151166047597 0.460066373609162
0.00177733154514455 0.029096564001579 0.588873159510095
0.00159437292954115 0.0229633350993891 0.52493751626885
0.00236753399838222 0.0356484752659093 0.749565127268293
0.00220949949949027 0.0474880113930834 0.775521310067425
0.00221354202775028 0.0380046909374682 0.709998853123067
0.00137280686900436 0.0315442895623578 0.444485847842167
0.00284813142503493 0.049790926956209 0.885938533923724
0.00153189183871124 0.0334681130979746 0.496653621896942
0.00188702185479739 0.0358030234895197 0.58822101061755
0.00131422073731144 0.0208242401246239 0.41302992549083
0.0027257580477668 0.0504340540531828 0.890650264021429
0.00102910590843534 0.0172668461947774 0.367703634851345
0.00188336657832367 0.035937400294522 0.602630473613483
0.00113084422261909 0.0162336805284525 0.368187886535005
0.00138647205097613 0.0281361983556218 0.443818686474132
0.00191953134795293 0.030073171669485 0.651131109295595
0.0012336781057969 0.0161657655656171 0.407533156276373
0.00171940278986954 0.0297367322793713 0.540717426061428
0.00194485073322999 0.0327030788585378 0.62612571111845
0.00210404459259372 0.0422183219405674 0.68491130983502
0.00145495543300136 0.0275438422623556 0.486311220243457
0.00185966305947402 0.0282923476008126 0.625285673515412
0.00126274362609098 0.0171452580339521 0.405163609344634
0.00188037241405593 0.0309709123087222 0.617491993325934
0.00151346813028182 0.0288724492612954 0.507377230017926
0.00171579473405318 0.0332760866520198 0.601421005380737
0.00151692416884576 0.0221398495232554 0.491469600896876
0.00336338218216319 0.0626491032083366 1.09398498717591
0.00148129197888532 0.021504087764842 0.481537690869245
0.00144774019333999 0.0213274170459066 0.453239607037995
0.0018041775955045 0.0261124106066023 0.569084982121731
0.00166229709077002 0.0276164037042146 0.54108962489469
0.00149359615684067 0.0248328483364098 0.471467654192097
0.00127471169231652 0.0223100354063813 0.417365140033302
0.00163889659240854 0.0205784203220173 0.513879408156425
0.00159634701551166 0.0242470729594056 0.568418425525655
0.00219122865360517 0.0342778828354257 0.706704362373156
0.00192224346007476 0.0357072492532915 0.611384550895437
0.00190511290508016 0.0305517097951061 0.643981155345517
0.00183959227644637 0.0298278684690409 0.627085767818308
0.00185770488116723 0.0273601127324762 0.602294598297916
0.00252993378326169 0.0380819754503801 0.824621660158558
0.00199430475767126 0.0363174434551577 0.662739152674055
0.00147912187324439 0.0246202609530038 0.49841602239574
0.00117640366872795 0.0221654164550541 0.380424742560031
0.00195014620934083 0.0257622638968184 0.625201312988722
0.00145850249505494 0.0290080844792835 0.470621358385228
0.00171502503042489 0.0278757565877659 0.585081122190102
0.00166065148674034 0.0273655866655454 0.523030946297485
0.00183690485915202 0.0339511466561097 0.609230717795708
0.0018699745070517 0.0324892314222156 0.626888362487553
0.00149005236935596 0.0240590146814013 0.483780944264273
0.00173298854758997 0.0287564223114834 0.579424313537881
0.001265278653578 0.0183868806127916 0.41507678221276
0.00146993823278856 0.0227528264394787 0.480039997120267
0.0018230869467446 0.029522165113104 0.571875621948281
0.00107020943575159 0.0165571166181662 0.352873862875736
0.00137889996430338 0.0215286403392418 0.457028453117196
0.00174428455549921 0.0353843179509379 0.554207904245417
0.00150001921165569 0.0332836138289613 0.500995440443882
0.00194131793050401 0.0331315708257582 0.649534812786149
0.0013576060403244 0.0208882926376784 0.453861076989439
0.00201746621938801 0.029096556539111 0.671489946317994
0.00166150342946656 0.0286942020216381 0.544160270967443
0.00166445284870067 0.0217728988936688 0.53313956147038
0.00170938611105124 0.0240058807537075 0.561604620869046
0.00193973424650604 0.0323386461188799 0.624621842411039
0.00181226585194358 0.0268411876072037 0.572733397698448
0.00242469983006243 0.0403209907531986 0.753819468653143
0.00178562619631777 0.0276060879648733 0.574907564132724
0.00155949599614906 0.020393861734257 0.481490232031067
0.00112435516940345 0.017158706193108 0.368656879892732
0.00151565125521211 0.0205958429570888 0.517513435261184
0.00143088373580651 0.0199189902864679 0.479229413449008
0.00157328973460616 0.0306592410988253 0.513550299945589
0.00122323089812498 0.0196969338215031 0.400122769667686
0.00207067833661985 0.0374711079830955 0.706071747913609
0.0017657002530503 0.0376732507120507 0.574785074851501
0.00230287315699791 0.0342175265830842 0.697574033086447
0.00150415009000961 0.026896472625055 0.482869802894867
0.00145710663935791 0.0236920294530952 0.470895651212222
0.00114277041749139 0.0197149955336245 0.37763234813199
0.00134219167343883 0.0250546469984765 0.493286393603356
0.00156447533876162 0.0213152167792335 0.519886453386748
0.00172828796708708 0.0350455852817407 0.587233129765609
0.00206015646573937 0.0318968963333216 0.704635278724503
0.00175793505177675 0.0289619469474597 0.590216700451784
0.00201194047861747 0.0288755458340934 0.616059999874271
0.00146163728375623 0.0221246377434056 0.474615137001161
0.00139485166799766 0.0224795134540047 0.455452727155553
0.00168769492667796 0.0304222318662905 0.528032220442172
0.00155384191392137 0.0249754204420611 0.480275542963923
0.00147979194092598 0.0180340843614859 0.458930613729349
0.00276619482626046 0.0558712653437385 0.887025140641089
0.0014054006981652 0.0216675178405628 0.449634683284502
0.00164171296256422 0.0306866567801716 0.539230830033432
0.00174121848932671 0.0320727106122983 0.554503106997944
0.00164419947672569 0.0290400552242543 0.531579140587749
0.00112092195502392 0.0200934437874224 0.375420735873981
0.00149394549598348 0.03081437048372 0.484757282941812
0.00154184336047297 0.0233622615979484 0.506032169904265
0.00223626375522598 0.0349226325447093 0.716505483398886
0.00167438674258105 0.0359455578210734 0.561074213736447
0.00148957377608396 0.0222647047946408 0.482903215064084
0.00226052711995358 0.0398355393612795 0.755849308513971
0.00143516731759085 0.0210523871197352 0.468871489503584
0.0018166657500698 0.0341623410075351 0.610676377063806
0.00172218740486487 0.031419991250135 0.55196177411944
0.00141959707671517 0.0227030335565191 0.451880227388555
0.00143727446622876 0.0263603889284718 0.481318303948587
0.00231423882734124 0.037749494763102 0.765893850123618
0.00203754130242769 0.0446102263627669 0.648534303041637
0.00219998334316362 0.0347054523863631 0.7257095359948
0.00181571067422309 0.0269967018209136 0.595383498147343
0.00119445486471797 0.016825062343596 0.403179787642355
0.00135445926036029 0.0238933970638236 0.451909178978521
0.00186720131261895 0.0277367544528272 0.627926901619504
0.00179072967358635 0.0367896482540188 0.559501569204713
0.00205121517897762 0.0383378149158892 0.67565859366308
0.00136260117061142 0.0178159550207601 0.431997691671219
0.00163579273501457 0.0241155651930381 0.55763048725251
0.00138139027258444 0.0196984493249217 0.46883660417887
0.00139466966658783 0.0255811930243893 0.457493575002651
0.00200695945742359 0.0366182009957756 0.662147331914108
0.00204599566552574 0.0408543205368353 0.693144879718963
0.00189661662885363 0.0290329398221109 0.601427920899422
0.00165375206412605 0.0274384711381309 0.554959332693467
0.00141436308581875 0.0235841075551739 0.472513986992809
0.00126958615902079 0.0189543307620004 0.417558173609402
0.00183894159909949 0.0275422671744172 0.606084178111006
0.00160972221080759 0.0284381273303449 0.530138597969476
0.00185906425087297 0.0342123571092037 0.60477487741435
0.00129889246564426 0.0197137171877413 0.427623339716037
0.00102379739748144 0.0173835972942424 0.341348755006548
0.00197680034841999 0.0308276203845693 0.633962076630721
0.00157944675716817 0.0230928585518986 0.501648185026713
0.00248286047014931 0.0438557909064904 0.798292664727902
0.00134843822483068 0.026806390434896 0.454030053320393
0.00187097960413645 0.0301911890773335 0.604846886035112
0.00161517573199279 0.0237929817318179 0.539282117785501
0.00172106923346776 0.0295789847203476 0.540703626379068
0.00123589560518151 0.0189370081782327 0.415946539901553
0.00236635618756121 0.0299732446392939 0.753973394331273
0.00135251429017715 0.0249389543501044 0.454257594319061
0.00140274886765099 0.0203541986985629 0.449608049035269
0.00177033368107344 0.0344378091423425 0.568404387300661
0.00140155831313681 0.0263200766255776 0.46357553132723
0.0020830441282514 0.0277323810170652 0.692277377231882
0.00173126647993387 0.0245619122451858 0.565647686440979
0.0013241460785771 0.0261549143659288 0.44848963329942
0.00167046296901342 0.0283781534531032 0.562583616697673
0.00139230984864295 0.0230861006037099 0.459213847193352
0.00115560302723982 0.0202720792907068 0.382716445239387
0.00132207273198503 0.0196330199803749 0.433558884789949
0.00124774917995625 0.0187373279851434 0.430691417702078
0.00158590827479802 0.0211593956204467 0.507622250351649
0.00163489843202615 0.0334523516854344 0.553664188241544
0.00118542304967689 0.0210786137392791 0.396819944982693
0.00197323592313508 0.0394695186662133 0.660190270487641
0.00148490288161802 0.0227895370041689 0.479324428453356
0.0018680059398719 0.0435509065497493 0.60874451974806
0.00138550575015919 0.0194827518855598 0.434318632035469
0.00136050042039649 0.0207539535077407 0.462613527817733
0.00197513806975154 0.0270549881988971 0.605648411766807
0.00200450809218366 0.0347834648180585 0.668089517125219
0.00126904790175633 0.0190506839361389 0.422172749134631
0.001679634289527 0.0347661615534764 0.574031764744031
0.00164564533717979 0.0256418743723639 0.527380863870986
0.0013417608715896 0.018095398557511 0.44642859246357
0.00180207287283337 0.0294830456643822 0.595679658568617
0.00150130251590393 0.0235129798885384 0.494900481643653
0.00363347584569747 0.0505377582514715 1.12051333268163
0.00158158793771601 0.024574654718158 0.520164833012194
0.0014897498185919 0.0247333048229457 0.48485434360619
0.00272944947220901 0.0543373859177261 0.894889156824083
0.00136022937155791 0.0286924763949486 0.451143424276104
0.0014998556229619 0.0288875486474994 0.485174398544014
0.00120694391575266 0.0236967284481912 0.400830274052228
0.00167980745601892 0.0231355279812753 0.544228617881161
0.00272758834227538 0.0356963937312283 0.897195029190529
0.00113317563453372 0.0162701114271245 0.367154399328623
0.00141832686486632 0.0220964282396382 0.474236038828892
0.00121279746505977 0.020763328925659 0.430731678974089
0.00170615362055902 0.0248308045200798 0.582812546439517
0.00221585879581981 0.0273661229092416 0.716846405221325
0.00156143760015283 0.0222266989743889 0.529470849550624
0.00140696250023272 0.0216792818069421 0.500198454975937
0.0019131193453227 0.0287488373252584 0.617885588492617
0.00192272456010922 0.0305985548227944 0.611379102156587
0.00270275551617213 0.048945233282778 0.89207227320538
0.00163482908858125 0.0283994503976331 0.528258892049367
0.00151126326270169 0.0279041255229266 0.509292933082677
0.00191386180637028 0.0348732134291834 0.617072461146827
0.00185394107836868 0.0329892927785622 0.581242811188677
0.00152700597074673 0.0229709415737985 0.513706461633236
0.00217063977304308 0.0352032527608414 0.678945408960925
0.00108093453990919 0.0173879002744669 0.365536113069762
0.00190347137603385 0.028421034045287 0.611493579886771
0.00178680827946244 0.0234587770834308 0.557770539656741
0.00148297600678084 0.0235552806528374 0.511263996249827
0.00185636215713637 0.0334430863616336 0.611723440718992
0.00165934690031668 0.0279617832546231 0.544346885021696
0.00124505017420176 0.0225821164183256 0.426971275023546
0.00129862473492989 0.0219735412586182 0.417026158214983
0.0019685529034555 0.0328220847757106 0.624098093032303
0.00147466129402838 0.0265632088085401 0.487822737238464
0.00168412454207367 0.0281159525029658 0.554317764297415
0.00126260489954469 0.0317329823920603 0.419451827456616
0.00151677667604221 0.0228559195412668 0.487311570711521
0.00203432560803075 0.0311181196918326 0.679976687180253
0.00173443271329167 0.03122910710892 0.586899611195118
0.00245659915281453 0.0410339739136101 0.80946502482014
0.00095143251768517 0.0159687099261749 0.322732784354349
0.00176308948508429 0.0293939884777817 0.593206783545646
0.00200961321303448 0.0317714847763352 0.652911260177505
0.00143285980154902 0.0217098136428014 0.453668042876844
0.00249684324784817 0.0335228229760876 0.801221229572243
0.0013736681204086 0.0235001108025063 0.448719639049749
0.00144127098395174 0.0310792874678438 0.495495335914252
0.00171700046815803 0.0232787173148757 0.553944533964573
0.00206463745585956 0.0358453711413845 0.655152533521286
0.00216314423129784 0.0328136388449097 0.697776672297462
0.00154007950853272 0.03161759817015 0.512091498050935
0.00156986552190722 0.0307554492860654 0.509687892166218
0.00181095583332752 0.0258534049523084 0.575950619514667
0.00166534790117003 0.0263285394477999 0.546160494527487
0.0016567639929924 0.0270904458018057 0.561617572088873
0.00135075328800965 0.0196311235272598 0.440185492823415
0.00195758307830528 0.0260342362331811 0.625868203621373
0.00195519934061021 0.0351148101766387 0.628304541470349
0.00185203661252599 0.0294042848790092 0.594483801754577
0.00153674049963 0.0253248870971038 0.488313280655481
0.00212355218343159 0.0333917857822838 0.702099670594882
0.00174647813701822 0.0304195964781489 0.565516356646624
0.00172343804999529 0.0253362252330233 0.532208537785316
0.0013846080490361 0.0213691516172854 0.445371370372885
0.00202447055107207 0.0354981750089951 0.663624118418124
0.00143589945357336 0.0191981053469564 0.452193785830847
0.00147204373852249 0.021589338518689 0.513295432266838
0.0015609561266802 0.0261607597114801 0.504679374414874
0.0011482163571143 0.0220110352216508 0.407585336911229
0.00241724488307843 0.0365701811485054 0.800643359997204
0.00154624199752332 0.0263532090875345 0.508177136336234
0.00241127726905756 0.0380209382016377 0.806432726444615
0.00139855685801616 0.0208891051779101 0.458348188912811
0.00137796745091789 0.0258402404539679 0.452251388227626
0.00136325622070125 0.0201794695293671 0.430828569563791
0.00148493455086038 0.0229676279858535 0.478959737837832
0.00192704863361705 0.0264802685474173 0.599087637068842
0.00140745867312658 0.0216465806608607 0.469233660104056
0.00150433753370379 0.026486206010102 0.511665246082788
0.0018356117583721 0.026385385257858 0.619309533252431
0.0015362316129043 0.0239244708854548 0.507574065665178
0.00123458527633511 0.0199497598229727 0.390960630728871
0.00149935118632372 0.0235337466944568 0.492635936671882
0.00154528719947432 0.0277120688471304 0.506518279989085
0.00172715659119982 0.0234433282001276 0.573455652321854
0.0016036977177756 0.024449543968504 0.523983570955349
0.00138569161161885 0.0221567250817629 0.456734811928134
0.00181151073928469 0.0278205407313962 0.604423777556466
0.00212098121693988 0.0368291896118218 0.681052155461742
0.00162460091649873 0.0256464672951043 0.529172250719588
0.0013718924459149 0.0255020724486879 0.448369918809288
0.00188251446104909 0.028102483292075 0.635229550463604
0.00170859889246716 0.0281933687772498 0.552187040538118
0.00124540235148967 0.0210252944288124 0.409827543922745
0.00202009068552069 0.0371065295692565 0.706470823492519
0.00187994402445212 0.0431966795184178 0.627261998695753
0.00123649333801172 0.0280006123733684 0.384191634919425
0.00197187530662029 0.0334324860269123 0.67214981344679
0.00127219315419201 0.0239127639110948 0.427683543134799
0.00199945993023566 0.0384122321511302 0.611868616903631
0.00158146938245298 0.0255483499050149 0.508472113602638
0.00125700311395623 0.0176860028461556 0.427760280028305
0.00201822344408971 0.0265552201861396 0.651674084090893
0.00183070900680553 0.0277319313688764 0.584072807875259
0.00174960602131875 0.0278446361364633 0.562029443093107
0.00152645341800467 0.0210320354200852 0.47811235910376
0.00213196753283296 0.0549706931443083 0.688037249201259
0.0019106035332301 0.0318377007888433 0.607638843117643
0.0014444553917074 0.0206149858842176 0.471358718939847
0.00146430631339914 0.0207424883982065 0.480544248592692
0.00116491618688978 0.0188830322468445 0.375242035067227
0.00149761788140372 0.0256520822343624 0.487027574435707
0.00197708062197399 0.0269110199017445 0.616047311601218
0.00164609028113463 0.0234488647147376 0.532121415461335
0.00189334536675865 0.032322797572131 0.578367585272561
0.00158051961088725 0.0266139995785244 0.518327787478551
0.00115017104130277 0.015720437367008 0.374119122852082
0.00144698933315535 0.0311884525245042 0.484435358324691
0.00167076320549734 0.028158089005808 0.543655754510699
0.00167996671643647 0.0273713585911521 0.530908287661602
0.00134940956716335 0.0252234268395119 0.441204386544584
0.00162116879294219 0.0244101517650083 0.53629745192821
0.00130256262191311 0.0187238400488818 0.458402466111932
0.00242290531818183 0.0319802587456725 0.752267686252409
0.00130619185167037 0.0206767124977233 0.390604029107588
0.00118402454826603 0.0203473635824409 0.397915214015063
0.00148694914911624 0.0224031720273789 0.484610230820705
0.00242531500769205 0.0403045086089075 0.768076420859092
0.00149016877387694 0.027451003771149 0.505935558106865
0.00200038410228048 0.0322353594099301 0.650834479872513
0.00147138281521574 0.0282081593463103 0.477169854298981
0.0013604676210307 0.0228465507183812 0.426884823012962
0.00153543307523257 0.0270532541142803 0.492127203422981
0.00154343281780019 0.0219099180351427 0.510670627730654
0.00144784981021241 0.0198800893545638 0.48200338237867
0.0020846356845963 0.0330136185847464 0.721841221073584
0.0016451040487077 0.0238463623712739 0.517670456959349
0.00147012630134513 0.0260271759292597 0.482769102693418
0.00166556727987973 0.0255241871797407 0.550719488854042
0.001342243546033 0.0217632610264138 0.442142087704785
0.00103670133637206 0.0189258854632231 0.340587893130177
0.00218084314651553 0.0449170784285514 0.738713888527605
0.00161059933827601 0.0236420749463352 0.497377572835169
0.00167784782644726 0.0226592635669333 0.549237111697418
0.00171076772617333 0.027162304181996 0.538148968055321
0.00130316872019154 0.0226174797726709 0.420874151156255
0.00147372654007879 0.0217187052012593 0.46639778331863
0.00167191356742201 0.0259324777104258 0.521845261682544
0.00221054613898335 0.0379544969499619 0.719581833328291
0.00234053373352705 0.0470269110082862 0.757180052539314
0.00156700086262284 0.0261494590636676 0.514665750491173
0.00213275452865178 0.0321238628096545 0.648928383915063
0.00167753190204134 0.0264197866646681 0.542062919376468
0.00151263631032716 0.0209275668808272 0.491904680779599
0.00143990496671727 0.0197973430353436 0.489547012042109
0.00171594168932293 0.0279263145815973 0.563200907150029
0.00188064456642548 0.0303035506943243 0.632540491066613
0.00172081348269808 0.0286729170826561 0.580159865981664
0.00181430873731566 0.0257863024227037 0.599033519617749
0.00176262875225932 0.0327608927063085 0.57745253062862
0.00129996020143808 0.021103016614474 0.414791283172249
0.00137863714297804 0.0292164415820212 0.460263648974251
0.00196974824105088 0.0352499817813237 0.612476955205337
0.00104529955795359 0.0163208861449058 0.348399295525159
0.00176974555377401 0.0345226024205065 0.610790279411675
0.00151427511751025 0.0258066756194627 0.492797915487725
0.00260287036453869 0.0460538293880448 0.852554243610131
0.00185485420180201 0.0322882094502426 0.63119368206532
0.00133480149433898 0.0243656857027455 0.448922442006749
0.00195885639457003 0.0352222292723734 0.632728499705329
0.00166705078817677 0.0235831953519285 0.55179459886002
0.00154558952116116 0.0238443351728058 0.501706617933852
0.00151087485687864 0.0320239096066394 0.513988788436984
0.00158326293703442 0.0342281417551828 0.526987250321206
0.00145219546944135 0.0242135574037964 0.460205465834339
0.00251938288192945 0.0479305729223511 0.840578543335599
0.00202928311809127 0.0350379513394542 0.674319099225517
0.00180219000297055 0.0374813025268354 0.572987381272521
0.00142563786784203 0.0245044644640716 0.500488979394411
0.00157117869981649 0.0319896144745263 0.525725187754709
0.00175970695749659 0.0349498718155849 0.572474114178127
0.00164421710334989 0.0250763105891409 0.515029791155285
0.0018249803407062 0.0302214829914512 0.578006263036117
0.00185773845766565 0.0323274977936473 0.620457063073415
0.00170387829412261 0.0317354418122345 0.545599782805567
0.00109240507642891 0.0204504213057312 0.357346398488268
0.00142007911005888 0.0236500930731485 0.457538556791496
0.00114315363603517 0.0193234671715515 0.387536816421985
0.00165871566818123 0.0255784009535352 0.521525912746982
0.00194343118228992 0.0303015557719036 0.643963522305023
0.00166636783373258 0.0262093318015438 0.553771195478071
0.00257420920620253 0.037453187915906 0.826510749936498
0.00168941747779728 0.0262645508438821 0.539067584654918
0.00141194454701928 0.0260240363892725 0.45479304941732
0.00241197729293342 0.0376275955459284 0.756605136281971
0.00162680113291385 0.0330844165193995 0.511024597124212
0.00184710037065709 0.0397513789719081 0.589374668023841
0.00145584107685657 0.023169522363112 0.481739002880036
0.00134840949641517 0.0195712785318437 0.428065493768124
0.00150382428612409 0.0285197634212022 0.525112196901704
0.00129498616928127 0.0207420105126605 0.426351677801309
0.0012910437291853 0.0191867512576996 0.418572175394617
0.00118359492549731 0.019424811744971 0.389750615625384
0.00167780562960676 0.027810940489576 0.540874169853594
0.00165792352326955 0.0329894205877367 0.533159080750235
0.00140783526055928 0.022442586463199 0.449490817442848
0.00124115409161464 0.018547541987941 0.416791176932928
0.00111407128037867 0.0197230380310883 0.365974147382125
0.00153839314772537 0.0259230077407956 0.535520262596764
0.00192039740345293 0.0307348077692686 0.612816037814066
0.00168424249997207 0.0239034072802947 0.549411910148297
0.00122417638686727 0.0180245567008037 0.415942130913981
0.00157211324071975 0.0300531838546892 0.504638136453082
0.00201129256613495 0.0275767579481662 0.619714174933466
0.00163692346011735 0.0295079800626584 0.501851327568064
0.00200246002970386 0.0331826956889272 0.631995721746339
0.0021501045228956 0.0303135104254804 0.707708437114831
0.00142895232778138 0.0241748758812076 0.485098556186855
0.00128862900903273 0.0246262483632218 0.430360295705001
0.00229311974478249 0.0427317374624874 0.741544298183637
0.00173687659959258 0.0286619665055387 0.560984888827519
0.00184576997921178 0.029794140404224 0.641780703761191
0.00177639202316202 0.0327529406326717 0.607334343549885
0.00175036313745403 0.0232643645941186 0.573919144493665
0.00131873890791172 0.0280612586111962 0.423904454933509
0.00141120321587228 0.0251944894711697 0.448382157803109
0.00168336463540308 0.0241815952470578 0.525786410328016
0.0020331553312536 0.0319028398199289 0.6657756624103
0.00162136417519306 0.0282783869836831 0.546222696632074
0.00153372196335354 0.0246198025452452 0.467653663120434
0.00175630964547315 0.0284990803023368 0.584755275530671
0.00123687710922495 0.0221431797511661 0.395410600562478
0.00159318993967475 0.037209452800115 0.533281376107336
0.00153229569150609 0.0292644931107943 0.501708485124814
0.00192503260260505 0.0268841398591671 0.632597889880917
0.0014696749403861 0.0233773375263304 0.499874315244307
0.00167183928914055 0.0297846610794633 0.56471060006835
0.00162569191930063 0.0236884067331181 0.545803999038535
0.00179948450710052 0.0278359321153526 0.572814685771657
0.00154073812877352 0.0232608747771902 0.494232398877959
0.0014726392732077 0.0294001276229005 0.47647665033734
0.00156288541027437 0.0318773926118063 0.481126029707976
0.00121677026759223 0.0206810017514298 0.395220467596424
0.00207077328970147 0.0350037154471748 0.695215671440879
0.00211103282548613 0.0311370851700532 0.647853678253851
0.00216784255426022 0.0426072561405404 0.717511740354224
0.00211481845184408 0.0355437172313436 0.670123528137254
0.00157959780879243 0.0303242244414602 0.518634691226467
0.00156208984830149 0.0246571024275657 0.497945987767557
0.0014945726334769 0.0245523573637155 0.495528032296978
0.00116057415666336 0.0177606153691134 0.391410290533263
0.0020646601339742 0.0389333968116272 0.680350704165474
0.00185840499224641 0.0276923907334965 0.604017763291276
0.00133155077520589 0.0195133356447091 0.455422794293689
0.00169011562945079 0.0295332300925591 0.561914579432976
0.00132416640626173 0.0211740566098088 0.447287586686354
0.00203132563261756 0.0420846068043748 0.639565497854778
0.00186892321215908 0.0264833304693842 0.590889502261874
0.00155524225461908 0.0268669582742416 0.509991759056967
0.00199957136832566 0.0354174295668383 0.652547700849736
0.00171558384180698 0.0285660429525136 0.533515026566927
0.00268300685253803 0.0364047571966351 0.854160117639803
0.00162828466344908 0.0327906294134438 0.512637670486936
0.00168009193471782 0.0241466640858705 0.532819400550531
0.00195704943010551 0.0405137551990004 0.597685404666093
0.00148479031215656 0.0242414859741202 0.476587780124419
0.00127962580457057 0.019200529782645 0.410127032213812
0.00153156695771229 0.0243622513971346 0.522210356490189
0.00216191882982457 0.0453636258493292 0.713318967592361
0.00166417962753301 0.0266134268567361 0.553632602927083
0.00146516176485455 0.0255502191971747 0.492997185509856
0.00166385548234792 0.0296345336098096 0.538938851446522
0.00184124828119861 0.0375061179134072 0.607449980638595
0.00149796058972463 0.0223207474676151 0.481176158357437
0.00148670401651471 0.0214584301000788 0.4773216793511
0.00139674588205176 0.0237772528566177 0.459713062647954
0.00227591088259062 0.0409492664321089 0.7445429987957
0.00134203991407095 0.0197332090354291 0.430712789005625
0.00124328250258049 0.0200829798482868 0.428929520820246
0.00182700526664018 0.0391600636578903 0.631133466354787
0.0011754340504947 0.0198760001705126 0.37367478118274
0.00116242933786385 0.0218060277487741 0.39356067706485
0.00116101054388086 0.02447435338495 0.388848337608705
0.00165313800822478 0.0265237018564781 0.545227662511312
0.00209906112395346 0.0346807036961059 0.705264424596488
0.00162752785775258 0.0253112165344807 0.548643199571667
0.00133432900388724 0.0209175009695114 0.441631944948889
0.00116343066935274 0.0176152527863247 0.378247354567962
0.00213355686962532 0.0354316184035452 0.69396851200555
0.00176844306220268 0.0295429649641039 0.566352243045999
0.00125499399586422 0.0195938506743529 0.408842527628711
0.00181963596953693 0.028962985903063 0.592219149460459
0.00188398684802677 0.0277614750541788 0.617216813308264
0.00147937255089469 0.0219543592470905 0.492410802100982
0.00182662872044144 0.0290071011487473 0.594321548303593
0.00202139686774473 0.0266137147317792 0.687145766021596
0.00172629501971055 0.0273590970317088 0.531334020334773
0.00148116583183241 0.0250587452045745 0.473391525792882
0.001713798097252 0.0243171260504859 0.560004411586737
0.00138799571934578 0.0209713440695771 0.456469715670898
0.00130725061672915 0.0181328787529179 0.422487092568949
0.00155434448782645 0.0253603129802767 0.511812366143179
0.0015329403455644 0.0204669098719641 0.50027504177532
0.00161275511196923 0.0250688315525636 0.528896437240262
0.0014591429115752 0.0224666692399711 0.467025857176536
0.00162403586584394 0.0258101353341874 0.534568585258291
0.00196792101956789 0.0309426103043446 0.685136354235058
0.00155428964072867 0.0300216907677359 0.520565367202014
0.0019125561333101 0.0311678242266182 0.630549803126177
0.00153978535475213 0.0265424128519065 0.498439282596034
0.00137039294706945 0.0215660854875188 0.436408343928071
0.0019364719737635 0.0346576200969716 0.598570559317187
0.00129627939545345 0.0187592369799505 0.418800942011069
0.00153652426329973 0.023323160753321 0.503000043719485
0.0018207960144473 0.0295037116007139 0.602533690933835
0.00171738162132512 0.0336475980259772 0.5455803319036
0.00132924879889594 0.0185419270294394 0.432997877891679
0.00214718871357244 0.0324192399340738 0.689720989525937
0.00291242601016409 0.0440534903428248 0.983203348331513
0.00136382102213827 0.0257411134174521 0.472213990797544
0.00149412155831048 0.0249043324153729 0.501216204831582
0.000799777862362191 0.0125610287535 0.269346432647471
0.00155196353545439 0.0247396436677673 0.505337535296201
0.00123741080858583 0.0172177348797395 0.392096937541024
0.00136861363388197 0.0249232050339107 0.432195545923845
0.00113647950078869 0.0185934432417766 0.383718356736037
0.00179584667700905 0.0283206161008177 0.582351369863911
0.00183736831449719 0.0319719537997004 0.604724773246303
0.00205231847834253 0.0337859536396676 0.675076119537878
0.00120341447444164 0.0202995685484669 0.399312417778546
0.00208354918169996 0.0311314162397505 0.660035167080837
0.00140463344461729 0.0239043079082708 0.459308822991173
0.00188856338392481 0.0259817516397628 0.627562004929319
0.0011878002292873 0.0186125638279793 0.383045754601317
0.00202205297997988 0.0299427197161882 0.689101026835715
0.0016675729476848 0.0295153828898638 0.558917552080565
0.00135715788141329 0.0289556180068743 0.437275112134129
0.00142640113295298 0.0213076710697287 0.466852108414747
0.00132851130077223 0.0219413415077211 0.443975794381681
0.00167263881950109 0.0234614716136717 0.553725973782608
0.0014827466663078 0.0263424136500441 0.472441472981389
0.00142856858603721 0.0256203840887087 0.461127391023536
0.00170908878501452 0.0285691200605158 0.568419417604744
0.00153791689212518 0.0234329467762543 0.506625170641432
0.00176610204384545 0.0272946000702888 0.573002453880955
0.00192552754881894 0.0372087421187508 0.620627472354975
0.00123407654240273 0.0171946828846427 0.387103017433063
0.00150115163170162 0.0240014720493167 0.507338243764776
0.00152251191108189 0.0344438138535849 0.500409125471808
0.00171732160390216 0.0272411967760892 0.594571220645937
0.000940298673666383 0.0133191374308637 0.321934501096627
0.00152687059861072 0.0258922216410888 0.526298564178891
0.00238061900495064 0.0468103197672311 0.839154516701643
0.00168146816470177 0.0232407380350911 0.546645501634635
0.00174552900711284 0.0290447531498721 0.5830625599979
0.00160298604060864 0.0224035402575277 0.483679377563973
0.00150472983076218 0.0310695556592682 0.483040336372241
0.00176014798295347 0.0274519186264627 0.562951070823272
0.00114590744211522 0.0159622234887003 0.379188606154996
0.00238682866765629 0.0420853796321189 0.750790122105173
0.00252478887481288 0.0461318733052791 0.832329885309126
0.00196583536060154 0.033757825361738 0.620144978071225
0.00204431463452013 0.0312129807362947 0.681444669360565
0.00160278871871457 0.0237844423064269 0.54390450726816
0.00211525688903996 0.0335758063459783 0.695143559020777
0.00148254990308891 0.0247342925226797 0.507417256959665
0.00178599338795014 0.0389115945029049 0.566089220356251
0.00171581848974032 0.0299654720626708 0.569104588946829
0.00267865250460147 0.0380843694866307 0.847597383044059
0.00164180520057179 0.0335602317209408 0.564962884148172
0.00155236380774419 0.0252058828464346 0.507746237806022
0.00159686893618476 0.0265354624375738 0.50763592938007
0.00128491774849488 0.0193697695943332 0.415429941374046
0.00204601557900495 0.0368486185101276 0.647293204103516
0.00182004537512782 0.0301655330568292 0.619732827542474
0.00176790371933008 0.0250563123269176 0.582955217365074
0.00183680519630091 0.0285866974862869 0.590429473621468
0.00167257572274419 0.0285870712383839 0.562715860027877
0.00168135441431072 0.0266460327767606 0.528216243864504
0.0012435985264794 0.0222791253926704 0.42138319926285
0.00121480129501636 0.0217662006354624 0.416189185415687
0.00169213906180858 0.0262657757121494 0.536457816903347
0.00186230715022419 0.0283703787752769 0.590257667810721
0.00202767452503684 0.0361160451569654 0.651832158742399
0.00123543814920753 0.0187953473944824 0.40475678575428
0.00149299745140342 0.0247849819649431 0.513148984579446
0.00181672645801932 0.0296409812663919 0.583842133839339
0.00204987627810372 0.0315990309661645 0.71120902087805
0.00127051623444835 0.0176143591292857 0.413108242078499
0.00146683684242909 0.0228478209559439 0.471364366496893
0.0016318775033084 0.0358521483847186 0.523361770340384
0.00261311798942115 0.0384448950962815 0.782911028102508
0.00128285275457081 0.0200656260021474 0.429961528642772
0.0011870107587907 0.0218965826991059 0.394453502445956
0.0014842101463699 0.0199666103303055 0.45735524531412
0.00155423516936321 0.0375412203344808 0.494422349323019
0.001548849092049 0.0225142261685681 0.51677708804841
0.00152279400116281 0.0267707350904784 0.508024800080581
0.00151030991945236 0.0243016374765018 0.498919836276911
0.00136853324703363 0.0239618094396111 0.44202294271386
0.00182237037544972 0.0281721346031913 0.573847185622345
0.00236000303940847 0.0418668585272624 0.769550172234864
0.00135381435845293 0.0220435018906137 0.431900780435341
0.00184862178155458 0.0321578596784138 0.598226229593829
0.00164827476964684 0.0239626469973222 0.532577131383387
0.00137029640318528 0.0234109642897264 0.44347140374659
0.00200955013969177 0.032339255819894 0.633852735176038
0.00161495236776351 0.0251893234249209 0.501927626817508
0.00148130962724103 0.0229863920355401 0.502606656133543
0.00178684953008122 0.0261877664065092 0.588350077031142
0.00190262524992219 0.0280275814604668 0.641041008030016
0.00170626241136328 0.024012846378 0.564584336154754
0.0013509130107154 0.0240708155672141 0.44662849864969
0.00111009768214121 0.0192126603559517 0.37198438800957
0.00124712150756078 0.0214526644636567 0.41271883969407
0.00151908328037526 0.0268205533661914 0.514861552809559
0.00248218423517553 0.0371564871426745 0.76611196374673
0.00202020645095265 0.0291698662078284 0.680261135150734
0.00144942996628076 0.0219505013178759 0.455322087426389
0.00256850134488617 0.0381188430215552 0.832242346635463
0.00179028479718732 0.032563415933901 0.576387101059652
0.0015353462798402 0.0241522934968206 0.502708089597643
0.001490780157043 0.0216838609227489 0.488518141365759
0.00169781835808691 0.0239817505188437 0.537374711497853
0.0017687782221921 0.028917482190164 0.594092735784107
0.00209457114996848 0.0363335391028293 0.711442890651684
0.0018222504674844 0.0284881093961435 0.604275790117404
0.00147789198207857 0.0279308676769917 0.512084001080977
0.00160666812237944 0.0240108207509238 0.574914541466259
0.00137895905292301 0.0198788287647604 0.463707522776548
0.00188897673145997 0.0304839909754369 0.648578044223375
0.00226777699059111 0.0319648050238558 0.707738894409304
0.00175816124862188 0.0313109262271325 0.591136274916318
0.00235014075084645 0.0410161792308906 0.758428551947488
0.0015933647841739 0.0286126006515805 0.514019246434978
0.0016058345988506 0.0327805410705268 0.538869734187795
0.00211685313223198 0.0304965055563065 0.667331470690869
0.00142267492354488 0.0218408961107797 0.444324566082779
0.00208179321576807 0.0336579915297817 0.67652677232732
0.00182222348983225 0.0388589253563705 0.600613948067636
0.00188774259773708 0.0333402755757439 0.615220133264326
0.00211959083029494 0.0313185440710126 0.697280009021757
0.00115317983113686 0.0206804019677248 0.380070537027978
0.00155540276447024 0.0235562823882129 0.560946015095068
0.00147093709675483 0.0214664933967813 0.490894099376962
0.00180387609870054 0.0371035258824886 0.593183293885964
0.00276337248570352 0.0460087981457735 0.911838262589813
0.00125885276147699 0.0230020412954548 0.422040645749018
0.00156637044638309 0.0418550966637534 0.494444735820837
0.00163993446635822 0.0290023579770922 0.547056889155689
0.00162135071098988 0.0262942316966499 0.508115076686584
0.00162378157785606 0.0300555873535902 0.554303048877705
0.00199650210344509 0.0279485989623681 0.654658257255031
0.00213330090597769 0.0336021280991972 0.706699199220734
0.00139342354685292 0.0188862313635543 0.449389241171227
0.00138111700300478 0.0231134749331034 0.461649544343781
0.00179023006988936 0.0268320551269247 0.593727609985302
0.00172959886064927 0.0274832679912906 0.56202508319513
0.00203571487162174 0.032075517153454 0.670830572124376
0.00176211990391895 0.0315904398797767 0.56674356108096
0.0012643354782963 0.0180612005032026 0.418190093097133
0.00148575563281271 0.0228462264638793 0.49421900180292
0.00135812021173313 0.0183866725103964 0.448753195452086
0.00251833993757104 0.0312948391675688 0.806698517118324
0.00142615931481837 0.0240002670044073 0.456531691466924
0.00234815504395407 0.0394322140782402 0.783832923588416
0.0014150973943652 0.0272989704793559 0.461761797945962
0.00213563913399875 0.0372066821849628 0.706319890107503
0.00198369820149139 0.031881104249205 0.623298555519955
0.00129895660861723 0.0188622899513661 0.403747345357347
0.0013508915745822 0.0211310410535717 0.4619824672382
0.00175819717400369 0.0277474580317715 0.602638605114126
0.0021955603531325 0.028175915045062 0.701259892168276
0.00151109371420881 0.0258586461418731 0.500676239758838
0.00172005343292998 0.0364057468773833 0.550282766679081
0.00305139701277884 0.0569272978531485 1.01066277398917
0.0018822632835022 0.0259354450453577 0.61736211401743
0.00282718502341137 0.0404023111940685 0.924222363541467
0.00194931572499633 0.0279956496712037 0.633090500310406
0.0016630716936286 0.0303407237644297 0.558564658221648
0.00120619793263259 0.0197735149806074 0.409364514578845
0.00135611951558038 0.0263294426208753 0.446008395715967
0.00221919862533218 0.0315857942374474 0.732799134938623
0.00138079273987364 0.0210027031749536 0.450136408999309
0.00186448431875227 0.0287787930309953 0.633746511071011
0.00135850987004139 0.0231456195918156 0.452077906482922
0.00198444168815531 0.0263830065884148 0.615103221327289
0.00120962082749362 0.0267054740456537 0.393291600265119
0.00121177163611611 0.0178720932767327 0.397272317018842
0.00156996901024968 0.0268329114351048 0.501570274424349
0.00163663407124183 0.0280379441157732 0.550581591104982
0.00179765511924578 0.0327982110011592 0.572218438282463
0.00189621646889954 0.0311595698681481 0.612309352577082
0.0020101472907934 0.0303072457198897 0.655010127770931
0.00165550231352167 0.0239011461631337 0.527428278845779
0.00144701323607616 0.0223940986930719 0.448107086137411
0.0023948522316564 0.0353331396887463 0.775748497810027
0.0020388983132117 0.0331207536335332 0.681423001532437
0.00134557034213875 0.0228900651884061 0.457162063623053
0.00309663127128101 0.04634275947489 0.985483147066897
0.00190639553463746 0.0297677683759752 0.610584552806229
0.00197409130580803 0.0387074927756615 0.65655098468146
0.00151429426321447 0.0226499966719648 0.506719829723559
0.00166397810884793 0.0257848574896626 0.543231818075564
0.00196379045646896 0.0310112865087029 0.619602227378644
0.00136491465367899 0.0251518863954715 0.454918783358542
0.00118260206725976 0.0208425222625317 0.385395353742854
0.00210106838459001 0.0394989433875086 0.650700065438116
0.00178876959832314 0.0295646891854323 0.619003296822656
0.00132375832191984 0.0203883256200525 0.435536828416646
0.00194276621987657 0.0353250453165241 0.647944604518801
0.00145889517310842 0.0233516894012399 0.493555709211439
