0.0071426302867829 0.0869078171937022 1.21866728095796
0.00534444862373878 0.0566754235638558 0.938658648273699
0.00657699348371035 0.127509481308574 1.18599139086909
0.00622534925700063 0.0636076330732639 1.03930860746143
0.00415265803124259 0.0480670074409712 0.783203478922379
0.00614390164208281 0.0712590080741604 1.08271133196722
0.00547697565782976 0.075855920633767 0.932985586083558
0.00658791206015117 0.0794616913726724 1.12408370027473
0.00490956364880841 0.0564642223739871 0.836195213793545
0.00542327326688543 0.0725988629378965 0.950077953929836
0.00461851828113608 0.0570190944438252 0.775980145500704
0.00651865235436855 0.0795641656659365 1.18387435065387
0.00645440972402393 0.0696182538860355 1.08477778887672
0.00656020565034014 0.0863758648558412 1.17466074744895
0.00470778929756458 0.0570639749206681 0.810688071402731
0.0106688157588765 0.126193189504792 1.78859829639165
0.00632702187020128 0.0754018379796929 1.05853785471597
0.00683176087322164 0.0929227383866597 1.3243175499502
0.00531061124300983 0.0711556359473794 0.914713890921862
0.00928291504751954 0.107992287076697 1.54663394975625
0.00606940953494087 0.0661788731354011 1.04126022611494
0.00384177083670688 0.0439811605567469 0.657529621404007
0.00467823981005775 0.0561138180333643 0.816581515380361
0.0061120993922749 0.0634247091956525 1.08879804941493
0.00816931488185812 0.0829530583179887 1.34586525153397
0.00756798723265214 0.0912897605213141 1.22324000264164
0.00608836677901533 0.0623696128227782 1.04615547341571
0.00612706533809407 0.0599135751409992 1.0539986708179
0.00681391188617434 0.0888217277188546 1.20602267291495
0.00962597292895058 0.0988991514482325 1.61075248327446
0.00815506157381713 0.0747916299895843 1.38036799321143
0.00466385100427142 0.0554517578729535 0.830128306806211
0.00459405629575841 0.0444987728095019 0.796637726734576
0.00608501194062966 0.0732604653397704 1.03808479099508
0.00570628167566683 0.0660359930383799 0.986878199032814
0.00627741462863078 0.0554076289215652 1.00162378132662
0.0064804415803022 0.0694504184934361 1.16280035715364
0.00513668678153636 0.0507950610147788 0.882630239622417
0.00571831468041982 0.0576633612206226 0.979880930040719
0.00527435315698213 0.0548149823636214 0.950600847792199
0.0063082074187777 0.075127491241143 1.12494317046571
0.00830739012958843 0.0769299649053268 1.40706157648416
0.00528278475978782 0.0568942663515008 0.912010055373583
0.00768734109067368 0.0984870997202684 1.27618928265814
0.00532544073156189 0.070862643250059 0.882339721050557
0.00763591937135091 0.065329797091967 1.24030728501067
0.00717502522777142 0.0850572052201322 1.20501328384239
0.00783664881635362 0.0930930605016565 1.34564524893587
0.00715123110599633 0.0843269425660192 1.32708887505893
0.00703961832699915 0.08607293072049 1.17550314218038
0.00617183572040121 0.0716413506206997 1.02262353388813
0.0050858029213001 0.0607973146129133 0.850663396799005
0.00571798399925186 0.0722473777868671 0.965301572370538
0.00709809693738668 0.10175435884279 1.18496568365163
0.00543419429421381 0.0664750425401032 0.927501064383638
0.0108336058260031 0.158790898869267 1.76565221457761
0.00360698495722375 0.0583757731878557 0.646884811943376
0.00712343342265853 0.0753281256364766 1.25843831559089
0.00709464066577553 0.106306226178647 1.21409263515353
0.00670709778043681 0.0857268645449878 1.14504045751811
0.006429030038756 0.070831576219509 1.15344896213876
0.0050730135083156 0.0579129829308538 0.917970393547882
0.00572958163868899 0.0801358878202076 0.995672611120009
0.00520258500636069 0.0783787154368129 0.940274567619012
0.00435239454096923 0.0522347366479675 0.720758657595141
0.00648242277219937 0.0852601984216826 1.10403132373036
0.0130702781979437 0.131624829982971 2.17393539012423
0.00686873369892262 0.0692956873456584 1.17440652815691
0.00717982635683504 0.0811337330960333 1.18237425512391
0.00542331934490916 0.0869447971543837 0.928522863300868
0.00661873739531894 0.0786069700446686 1.10030573971497
0.00685335961464118 0.114237787834101 1.16572665280971
0.00557984568253725 0.0773708677803659 0.94715213636637
0.0086757440874989 0.0952040272000014 1.52863342626786
0.0048522348824322 0.0435588499072942 0.775380849940564
0.00800454263277293 0.09419524626514 1.32819145398859
0.00569655938990248 0.0662110926237537 0.997042832905734
0.00832590842334095 0.149209986733455 1.44411263219316
0.00550900898227121 0.0755064088828941 0.896606104996593
0.010829558979124 0.136225414830317 1.93912451063721
0.00667665722657867 0.0782311836983596 1.10727275003902
0.00934624609689581 0.0988090779855348 1.56086038060206
0.00994901438507852 0.0971086502519983 1.65130831023968
0.00650870297411533 0.0673198349025254 1.09609989980431
0.00579347322410736 0.0494941783994349 0.981933031847104
0.00682264565427449 0.0855597153558814 1.13744466084689
0.00515118051013279 0.0479436603934308 0.85486832771455
0.00566877474708216 0.072124244045584 1.00002310190123
0.0041167665142741 0.0566067018463582 0.684414982778007
0.00686800054357878 0.0701387112848665 1.10589551869735
0.00646106683182271 0.0732655373615669 1.14749509826592
0.00623755855328191 0.0809192258505306 1.15687737483119
0.00551559944961439 0.0625473267319533 0.930546339196016
0.00567219866521654 0.0662966802509894 1.05493718393236
0.00539883897571661 0.0649038635025837 0.925171907812639
0.00631103747160872 0.0667261292550597 1.03949750899579
0.00556145384286901 0.0565302827543631 0.977847523795102
0.00460261153046763 0.0623218460644717 0.75814429288349
0.00816801707296804 0.0892550062986049 1.34707721647761
0.00552469349649599 0.0702164888110824 0.918287514387548
0.00491019634392826 0.0565144505798811 0.88437519765977
0.00444957382039005 0.0469575998365583 0.792532130829741
0.00525983240085789 0.0622925941353957 0.924955897330582
0.00550718988548236 0.0720497068364103 1.0186637981105
0.00635378860485152 0.0896676550299472 1.09159816550923
0.0048210157959034 0.0515859586751985 0.78272125218961
0.00627803451172809 0.0831788076554715 1.08126597752896
0.00585528913064802 0.059448840995268 1.00899454514345
0.00590650818328083 0.0767116693720451 1.07216755697002
0.00652155463895563 0.0926888617353547 1.01033784091147
0.00517562233407217 0.0630158560042889 0.881773173369997
0.00408234935964644 0.0437438487656219 0.67478077403199
0.00754484454186844 0.0682209789310173 1.29494665350204
0.00677417853031026 0.0710081291191377 1.10707606907724
0.00467290822355136 0.0519887302098445 0.842885130410378
0.00528523359486105 0.0651152474779591 0.944540332341792
0.00629040100635857 0.0845162575851968 1.16277882924029
0.00608830985451107 0.0679076087555279 1.04396690783446
0.00563694908255898 0.0635418422125174 0.989202240521974
0.004643185883666 0.0559833235943579 0.853777038249363
0.00854344447920378 0.108464578801136 1.53191973791342
0.00588185820565428 0.0708554669622538 0.971473814936553
0.00666960194303638 0.0711668987250944 1.13217929543024
0.00580678611267245 0.0637376433967033 0.9895778244189
0.00633899978752458 0.0896689488614018 1.13299056982866
0.00459221608428641 0.0648146205762963 0.793117281306741
0.0066998234623319 0.0736988716269948 1.13220266957076
0.00331314512216406 0.0492282679255344 0.655651215697429
0.00752588786578117 0.0677182058193685 1.26300592791495
0.00642948175838129 0.0818187584200088 1.11646637721053
0.00500662717254154 0.0711321800134992 0.892486080265235
0.00539708351148594 0.065869949268128 0.987847060886708
0.0082336853002495 0.0963762768783496 1.45896877875617
0.00349829649785082 0.0352604197977768 0.576731663067765
0.00312435219290197 0.0367089584366491 0.570688963765571
0.00783567495106329 0.0930768173564421 1.31838678747712
0.00581503139736743 0.0596168859375331 1.00224651812033
0.00693867521467397 0.0897018622121235 1.15323543990482
0.00600474612892306 0.0759150060722345 1.03488159889
0.0118529920618514 0.172496944665135 1.83365147903516
0.00544916948827424 0.061716114493802 0.929460708706491
0.0053851361655173 0.0581339198880786 0.894240258862455
0.00774590198947185 0.0942610152895308 1.41684502068298
0.00628721533523102 0.0641087680735288 1.11867901488383
0.00609563806577106 0.0823980899577595 1.01316957819782
0.00637257259071305 0.068973135932462 1.12484870061175
0.00865049908615869 0.0979037533289596 1.39868602493013
0.00635347430162921 0.0734856071002654 1.14798763422285
0.00518105950715722 0.052155279541846 0.873769605242222
0.00742534947276428 0.0878200432875736 1.3170065909534
0.00585387319115359 0.0718584835043656 1.02562426348964
0.00620648541826774 0.0662672847864967 1.10296571195554
0.00883225028347491 0.0927410927398643 1.47405497960935
0.00705562984126753 0.0851447175746704 1.18144656882294
0.00848343731121549 0.11807845350711 1.41395940924698
0.00466749429923152 0.0569267407097226 0.83678725067785
0.00911690017178316 0.130953993056829 1.58134802480485
0.00542228656608701 0.0651231603308431 0.889417729279393
0.00578826958838278 0.0622054863208439 1.03433122773641
0.00689383419375741 0.104127871848893 1.21696900166127
0.00568397646362084 0.0772168400521697 1.01873112475605
0.00892024820683635 0.120771511646161 1.47485408731385
0.00639806288701631 0.0770572060041479 1.12470424719471
0.00561331691122443 0.0675595411928352 1.02037374630469
0.00559540103717805 0.0697762413272691 1.01264539864399
0.00654356907870801 0.0759919483887473 1.18409398823323
0.00472955623080933 0.0485159114331271 0.884349736372081
0.00784088664992891 0.0813569819671622 1.44283279566542
0.00653310875226296 0.103815708087332 1.05665693459741
0.00915401789139861 0.116977500281976 1.57200691109936
0.0055269968138131 0.0777131785243562 0.982774586418807
0.00845923129515301 0.076858907868213 1.38781339535626
0.0102480136615927 0.120944993337735 1.87690271674815
0.0073303373115228 0.101040839312876 1.27997723206889
0.00482250431624489 0.0700935514548804 0.917285498887136
0.00753342680969637 0.097222912849469 1.36640867115858
0.00650271651304802 0.0823241644593009 1.10212242169233
0.00528000305628823 0.0760648368782185 0.977427291284436
0.00412375509367662 0.0607050719504831 0.765145489197809
0.0089740234412729 0.0892606458602972 1.54421810764421
0.00940220046560314 0.115788016728526 1.49789336166349
0.00737613380147695 0.0738181252552396 1.29074805783379
0.00708963329588206 0.0728350741870467 1.1650329303377
0.00612713958048893 0.0620867963091877 1.08178195529146
0.0100060914253498 0.0938499835918957 1.55056749382755
0.00560101683599043 0.0626134257198162 0.958439374560404
0.00521014225636418 0.0587903111683938 0.893983088389895
0.00546975712678516 0.0610016587300163 0.942844217737125
0.00552385130843968 0.06930215650698 1.02061763790383
0.00812363607441079 0.0849997286292809 1.30480174276792
0.00618677846234669 0.0626007808992163 1.02919444114962
0.00671329403319408 0.0933335802535661 1.1222317994265
0.00484913503906167 0.0614711032032131 0.829318349106271
0.006116135351977 0.0660421284604684 1.0736269125212
0.00613403781564613 0.0851905819607224 1.03227872920465
0.00612488485740854 0.0636935736307803 1.0723056961769
0.00559639489338237 0.0712640151205003 0.950747036001213
0.00700008642654977 0.106655339173309 1.21163819005493
0.00605047266834561 0.0767194038025726 1.06445324297491
0.00765914128744503 0.083960203971732 1.31689204111628
0.00729855327065722 0.0966492528692192 1.2341950690652
0.00514939615335472 0.0574147398203261 0.897806280843167
0.0050178364565021 0.0521041028749078 0.863374833957364
0.00865475329301421 0.0903254679935223 1.44927389060419
0.00602164855803006 0.0757736208627108 1.03987316940038
0.00542849540262659 0.0499253780981625 0.865853704856164
0.00581689804189887 0.0554466339484328 1.01744035527066
0.00611080026870036 0.0714559425970326 0.993199515606989
0.00406831428921505 0.0540119961718095 0.722929071171797
0.00465720306939518 0.0546725360729182 0.823460392555823
0.00727216761801739 0.0735058204665297 1.22122209402976
0.00520477416160501 0.0589937475188802 0.879154995351482
0.00760310955645073 0.106682861668848 1.3696690773495
0.00574611623437193 0.0692917549284136 0.981180553872712
0.00481055968934592 0.0512981257140586 0.864229146485523
0.00549878281776827 0.0685655915708641 1.03997625982475
0.00678331786915865 0.075977469459364 1.12878479700212
0.00763237485656579 0.133828761025363 1.23942984613265
0.00889726257184716 0.0962367314403178 1.59020647007059
0.00421711407679195 0.0527074511622513 0.707993336737789
0.00684741699931224 0.0680052289076794 1.17199064456042
0.00533407353970579 0.0662955600562083 0.961363765934743
0.00651824779830474 0.0679517876216272 1.21640045097213
0.00510220696112105 0.0542266710982808 0.863863463948318
0.00521426106157027 0.0588255688404295 0.875342394584473
0.00777541688812045 0.0831757741638687 1.35439070114898
0.00633356736716783 0.080213048907071 1.05012425675302
0.00572045344019967 0.0665671327620247 1.06006823017844
0.00663930533770728 0.0761065447903241 1.14365326122641
0.0068444322645205 0.0930303174304301 1.19671270985995
0.00489195627297886 0.0672079309479082 0.837093670399014
0.00625359913728345 0.101129848230968 1.10550897193007
0.00693046132352926 0.0805320904736626 1.1231901285845
0.00488525125219368 0.0755450768020151 0.873078472022806
0.00625783452602908 0.0677298084586686 1.05497368850925
0.00816072411490837 0.0908834134408673 1.35957497596284
0.00667112722038812 0.0796024657198525 1.14032374802178
0.00676385110631492 0.0897594472566329 1.14583531022718
0.0105431043960322 0.139835334329867 1.79394141993157
0.00736259392455935 0.0956340189727981 1.26794576745958
0.00488554784400523 0.0511236438256507 0.798611903090517
0.00617375767501227 0.0688122955974633 0.983645294569744
0.00452791749995789 0.0509715906078759 0.811058216731481
0.00495549471515138 0.0721416955328711 0.839610758443682
0.00716676987222848 0.108039923947236 1.21250193122767
0.00574198077217016 0.0689511108781697 0.918441821277787
0.00737917923236783 0.0696361113233613 1.21126781779491
0.00672436538403216 0.0743931082602673 1.21784213544858
0.00643055588150545 0.0675005188208346 1.15766000327845
0.00560719036628108 0.0727680875426869 0.991149248411717
0.00777142233194142 0.0961769004948076 1.30556883363619
0.00743457160501013 0.134692553273142 1.33380616430587
0.00622629735197335 0.0651086816417541 1.06120004706945
0.010443602172164 0.112803260841281 1.73687204576683
0.00552119534068553 0.0751442022954948 0.907708687871682
0.00587115942019909 0.0729802856968296 1.08152291444954
0.00692723410186598 0.081127105645697 1.21293633330136
0.00761103706250826 0.0780201825912392 1.3101585421716
0.00621438792205821 0.059950333316051 1.06197715559368
0.0063479526002063 0.0721532322138618 1.10310302150835
0.00588877526839355 0.0718271275246181 1.05039288249553
0.00907542894607917 0.0864603364917427 1.62017265969573
0.00784133170461278 0.0984012759342952 1.37761008459025
0.00615064278359737 0.07366846961673 1.01729742004896
0.00575348119424218 0.0810572831996125 1.03952210645133
0.00602065868664497 0.0585458033022143 1.02035572402024
0.0055335084827333 0.060212639389835 0.95164207810992
0.00700362736364966 0.0989417830185866 1.24198873465256
0.00491223315653154 0.0663008110268229 0.901834210457762
0.00478967511233096 0.0502641272077464 0.791216035888744
0.00484256462683258 0.05604499505098 0.865658011299213
0.0073197634916049 0.103580000282005 1.23888164755847
0.00700396152541702 0.085648644671724 1.19675009995843
0.00686948937629411 0.0856443857736795 1.14195138989675
0.00767293419059878 0.0741238858407985 1.31630183423757
0.0051276385645302 0.0555170075801131 0.892437265304421
0.00690220073014621 0.0667511674593704 1.17262321352847
0.00582219011525386 0.0540193871874202 1.04442519175801
0.00751403375705342 0.0826858604537253 1.28948382281273
0.00471665903735208 0.0473342280777746 0.864102958248516
0.00483359282154926 0.0488958109948801 0.790183602719751
0.00958365616805579 0.12678301757955 1.5320775149683
0.0054370999688608 0.0486366682556314 0.893285626598206
0.00598923702194584 0.0641538417562951 1.0194423841249
0.00525503206059632 0.0820725694929774 0.901105975692526
0.00884081653957499 0.089136487676568 1.49296474509614
0.0091627957622329 0.100680573573234 1.55604077439296
0.00523708246114795 0.0686346386600133 0.869932528406801
0.00531690861833156 0.0675633627930395 0.894010745814536
0.00394466346421918 0.0469081386760911 0.695616589075769
0.00580820519875813 0.0806751139075346 0.991421035607796
0.00845532927302415 0.0937226031602649 1.51008110836375
0.00865828245174425 0.116631192913198 1.44145288799077
0.00673575597238732 0.0768708272227706 1.17114147888
0.00573059866361797 0.0588025543257534 0.971837739048079
0.00742171952810495 0.120530159897818 1.1954045918717
0.00533545775264168 0.0627245565366992 0.897691354010577
0.00511433029809297 0.0572975779730989 0.839705529171961
0.00616927027188884 0.0645802481736317 1.10815311559853
0.00989360881984786 0.12408714334763 1.70842963743685
0.00662202264947317 0.0940651969982109 1.17832477695672
0.00491034563570496 0.0629175672563844 0.85345399512704
0.00802733196666945 0.10424663868084 1.3793868645228
0.00608739315381649 0.0743391097784036 1.02431539010174
0.00579032716255374 0.062042628035807 1.02833811677377
0.00706637109513441 0.0881210565863913 1.20748644722158
0.00379571911925805 0.0400626988180311 0.696031357573851
0.00516914378058015 0.0519625469561378 0.918957161005074
0.00506572453887434 0.0656400918361961 0.818473219031461
0.00462854083603639 0.0582038505554152 0.784519294618654
0.00859965623217323 0.0821687999639911 1.45126968034088
0.00525555823266178 0.0546586773411865 0.892324645475848
0.00552015094212025 0.0687467393457091 0.943031234710962
0.00496271711384865 0.0600341193639483 0.90345703903363
0.00513984714124001 0.0555866777065191 0.91807067056014
0.00660145073378621 0.0754782925054687 1.10928332161907
0.00690411968596274 0.076526585423004 1.16237000014693
0.0053080768861394 0.0680918554303373 0.972286300007508
0.00421021310224692 0.0505062026079609 0.736056260707466
0.00618339928288128 0.0597387304179613 1.06974448639272
0.0049132290096607 0.0528995180337849 0.855660618067926
0.00488621883172008 0.0655335259796571 0.818537579028544
0.00982383696024869 0.117260725394879 1.635503450956
0.00713077807262462 0.100739676284432 1.21793250093508
0.00580492937285115 0.0684034811836987 1.04264802320987
0.00461197976308813 0.0562816554249761 0.839447910988575
0.00565359628456837 0.067712349456531 0.948975984887919
0.00525108450656932 0.0559666014753201 0.880225470426185
0.00554431832304831 0.0634073152965297 0.996607976592068
0.00467586357729205 0.0517349286392929 0.808599995801703
0.00792680738532157 0.101815266207316 1.32737573340036
0.00774901964030026 0.0773640894910428 1.35822773777792
0.0068140952628274 0.0705540494334769 1.14061489717689
0.00531631915569876 0.0547648820471431 0.964099562896606
0.00631217100752852 0.0697297102956399 1.07536052689076
0.00887255796120589 0.121018997671819 1.5306534306549
0.00529346662859963 0.058570626827606 0.957819939075677
0.00922605839664313 0.101414704949384 1.52765598187662
0.00961063077180752 0.141035991629741 1.68032898238712
0.0091259129818585 0.0891239357408372 1.55087446386189
0.00517044040125365 0.0478309369774224 0.81007128028972
0.00504919577366108 0.0631985816149975 0.894794827421166
0.00542334239604529 0.0592120557522668 0.962233546605043
0.00535721276969396 0.0660983593557375 0.92561986838751
0.00525748485793878 0.0582340430816777 0.854809260060444
0.0069813034778294 0.0737827316170163 1.24209799496284
0.00662299043362031 0.0705655072768605 1.21561593087741
0.00608455705114079 0.0551356370738798 1.06915007986859
0.00615700584444461 0.0835424918502795 1.07763055377402
0.00809635299604758 0.0801168228874145 1.36842818868726
0.00414657767750887 0.0534278451680465 0.809072094170557
0.00616100473400478 0.0675491388149304 0.942618741931923
0.00558329821884873 0.061967071410197 1.02346444761682
0.00492674037559076 0.056927528970797 0.839588301146697
0.00624762503311183 0.0711501483597202 1.10346402957966
0.006318590511823 0.0663965575417144 1.09064244409951
0.0063609457806018 0.0658188523962181 1.06466294857485
0.0125067418308163 0.105501566073662 1.94507750308228
0.00579059489160434 0.0578771829533597 1.00326504288347
0.00786909806680087 0.0707275788983414 1.35366373831073
0.00551436288936453 0.0635601461016822 0.920563615680208
0.00749646526403616 0.079860089460415 1.35860090617358
0.00595517694632726 0.0767741875894629 0.995555110809304
0.00730518713981943 0.0821829293826111 1.17476566390056
0.00862063531684237 0.0905914826757769 1.45233622212261
0.00619332513872679 0.0566912938765121 1.01959126623157
0.0102934326104022 0.122835864473176 1.74234969133116
0.00757480637509533 0.0787286392613908 1.27841568506132
0.00458678380151955 0.0510815527162673 0.780696849527142
0.00617615009711297 0.0659096417853132 1.06520307813931
0.00545031861886564 0.0537531685498504 0.941812153131762
0.00480486332611832 0.0555296096951947 0.834259632371909
0.00657709692030902 0.074414631333175 1.11010642781784
0.00713745669883938 0.0873040216058409 1.20801641248322
0.00909218917136052 0.0816493298910256 1.52781642454482
0.00707614711740754 0.0701008549440795 1.15621053363123
0.00579254164681372 0.0803426493714103 1.06766612058746
0.00734704957697275 0.0818452466496931 1.27991869549169
0.00776278089684732 0.0873121986747803 1.37635933516746
0.00757371480040174 0.0703880218944955 1.22016647457193
0.00698778211336843 0.0758401063906749 1.24231598513879
0.00496390347040945 0.0632572724164443 0.867150915816492
0.00711823656116087 0.084403136304189 1.24895526397059
0.0105742692045788 0.107386203815829 1.65113256909132
0.00691662457930539 0.0900416870931842 1.25009137211728
0.0063671979457086 0.0644288812335272 1.07963640615682
0.00531623050439427 0.0639570587197543 0.952345913487619
0.0105517906993186 0.111786169099295 1.71431361899739
0.00734680649976011 0.0743926919291522 1.22835018596912
0.00612907710957707 0.0707001012365998 1.05856860973171
0.00667886828689446 0.0784263249049335 1.11964215041861
0.0065275534362635 0.0955508232766784 1.15967680254817
0.00655329661988198 0.0718575685976243 1.1623285355259
0.00447519501410707 0.0523382678340885 0.800947948430203
0.00812261592606648 0.0987294547104822 1.33320719080529
0.00751227118908804 0.0740815539402852 1.3540497367881
0.00589293656353135 0.0562880491814771 1.0218201552141
0.00641688871920168 0.0645472163369835 1.10483745096087
0.0101575535282176 0.115602171117639 1.77206896799968
0.00529057493611413 0.0782281154532327 0.931495887887021
0.00640010046200885 0.0657736104572639 1.08688575332258
0.00392122612514907 0.0443885110342742 0.715721914844596
0.00766611389825594 0.0740956936353154 1.30269468685432
0.00554396713714282 0.0664340708438987 0.972612022308224
0.0045730741011966 0.0498347099210329 0.794771886231516
0.00801992803420267 0.0862648479662272 1.34981618952703
0.0060406190801303 0.0893314067275058 1.11269478268847
0.0104882687478154 0.116508928336313 1.83329468833052
0.00485881587262464 0.0608335539332129 0.8061287867817
0.00538634987827363 0.0604980353386022 0.889598540113301
0.00934023558463466 0.102083865388306 1.50140772017319
0.00735491436997853 0.0752004840414833 1.25128002605109
0.00418385455576777 0.0482704263079389 0.734538643168992
0.0069506779682983 0.0960665506981443 1.25396457248622
0.00529554688908641 0.054554739561141 0.895625655209457
0.0048623509630731 0.0727681258595575 0.902198597946123
0.00954665957134107 0.107000248686044 1.56858960961546
0.00801208171745313 0.091581184110961 1.41272332634042
0.00559475256190635 0.0581109697434705 0.963817075385871
0.00579828328703955 0.0938448120335236 0.922149920690369
0.00714921245880206 0.0817109254293903 1.19699846951611
0.00669232571614669 0.0807350523418008 1.19263769630025
0.00859905311429015 0.0996531115210425 1.4929997117234
0.00607600555760857 0.0728589441290852 1.03052510464402
0.00830511670069477 0.0908702603783122 1.51095726817768
0.00598282248363602 0.0776958042766372 1.06477619451497
0.00625544348770173 0.0548122115931013 1.01269718182174
0.00708916351994182 0.0947218470426241 1.19117721129804
0.00573519550801823 0.0946236306724702 0.964878519133884
0.00596547505614003 0.0848747877086175 0.993371864283345
0.00561287847130397 0.0684765978538764 0.985445333315401
0.00655098402607243 0.0880811673775537 1.18526002465255
0.00913996662567651 0.125329049760734 1.54085014162606
0.00831649047426239 0.0949611681382365 1.42244867886521
0.00666698754943186 0.0733492971596952 1.22189999792918
0.00486401640831493 0.0594899807775636 0.859143890544826
0.00541220147208581 0.0568426776243975 0.886347816442058
0.00746420613675555 0.0769818920736192 1.24760542625364
0.00570900759029906 0.0629390976277596 1.01310182945541
0.00569897521379715 0.0707876074345311 1.02722694876255
0.00597292075266757 0.0928249223968433 1.07707163440674
0.00511880676962922 0.0510713698089919 0.880912463870173
0.00717711630779459 0.0832886958551493 1.21232446481772
0.00647982461515958 0.0776006221151071 1.092781329679
0.00544239626692064 0.0550051339562474 0.952258742849805
0.00983845370566811 0.11086525005143 1.69482036204821
0.00668416245665062 0.0853818182851181 1.08297622867015
0.00609171613892349 0.0597062146472797 1.05347954294068
0.00390173317086741 0.0495622026994502 0.65655454030404
0.00533377075023677 0.0569625130280919 0.972767705503422
0.00702488147854774 0.0652719086927419 1.09400483184614
0.00557952958408916 0.0652051991629768 0.991643914909066
0.00424705953917682 0.0545690680859304 0.770021025113955
0.00409494795682503 0.0595146817326658 0.714325558677261
0.00676676752224043 0.0648526591598665 1.13438468839063
0.00593344211191076 0.0664714576416898 1.05028418729953
0.00660462757637449 0.0879869742258598 1.18934884908441
0.00696061714685126 0.0888495302607299 1.16150643359704
0.00832434852460241 0.0785330609304003 1.47593725426887
0.00885848003897615 0.0952429880564996 1.45594621571468
0.00713559448364079 0.0756780153130648 1.18514622058147
0.00739627098297429 0.0689527241608514 1.21213229252298
0.0106034432829342 0.116693263836039 1.79632694779703
0.0083562362897244 0.0953235724947085 1.43826470326833
0.0097258637997662 0.157319730613119 1.52807018978715
0.00670970633934974 0.087966120944669 1.22543525891818
0.00552851053508162 0.0577513348954185 0.974131093477791
0.00786618883328902 0.13412393475053 1.34683244363184
0.00481385641739293 0.0618251324582002 0.831069977944991
0.00662648912753745 0.0789701383527396 1.11956221008384
0.0101444036575244 0.115354800694638 1.69532968463657
0.00412269085093574 0.0459813258172852 0.697983056325723
0.00848648099068307 0.163351088608455 1.50089233755058
0.00593422821181649 0.0651268307066567 0.986066234173234
0.00508380654559658 0.0512705542462162 0.841981229669518
0.00802335812697341 0.0934254926777527 1.42302384657286
0.00483869943190247 0.0495149700840826 0.864479268900417
0.00450517696881187 0.052945031931214 0.868769893421648
0.00696442457337252 0.079195090671071 1.20809879024659
0.00686025319742757 0.0885426998683801 1.22151938503204
0.00754717892377051 0.078661923616154 1.28448432465121
0.00641479511384813 0.058608228527621 1.0857692457426
0.00618611390198291 0.0681173095542099 1.02409520144612
0.00481754627369261 0.0751879875063079 0.850494199544507
0.00738398067592707 0.0811586245978069 1.27110586874716
0.00529986733297025 0.0545264403543404 0.864827495159568
0.00677984697865568 0.0775877415866798 1.13774971876382
0.00323797454166842 0.040366749990515 0.564766915205109
0.00506083920451169 0.0508352576789675 0.858956002631166
0.00748628946807376 0.0754312116801897 1.28294414715326
0.00360152765090083 0.0521598676522722 0.60263040714506
0.00539100152292726 0.0806461141001054 0.878506432785317
0.00744970933394983 0.0949484569453033 1.23317902351314
0.00511189996804241 0.0549845669732617 0.877699616574143
0.00695011848764223 0.0771152812627951 1.14791302398796
0.00665450374809551 0.0695460858833802 1.16524030910894
0.00377544521444528 0.0423161829142307 0.630888746735489
0.00424641185957015 0.0407003411449314 0.69684992250381
0.0080830311203021 0.0827703127994987 1.42673772121161
0.00879622346176571 0.1087705548657 1.48816116016935
0.00520385347192796 0.0525102877886725 0.893020878805475
0.00515571628354479 0.0496176067559691 0.924941409863544
0.00597088148254047 0.0741831737842923 1.07535078869441
0.00597351231425223 0.0865397656258281 1.06763986013244
0.00514472235406 0.0684471951425143 0.914584402863728
0.00828543843836914 0.0926050397419146 1.56896611437912
0.00532181475683316 0.0592606277122218 0.950194939764626
0.00530219184432016 0.054697989559735 0.884651539666642
0.00551074981955874 0.0604700275541084 1.0135492801946
0.00843623425527529 0.0967510468464274 1.43542123889767
0.00575137080486302 0.0813034116184907 0.939566512333304
0.00583599528653911 0.0565721541912209 1.01208663930068
0.00845774382743131 0.0795391019873706 1.45711645518191
0.00439195488529242 0.0574341766870542 0.783824774229578
0.00683271517896571 0.0834262774282112 1.16475765158083
0.00577075205761328 0.0690270499751411 0.966225679267283
0.0056575666302224 0.0775986786013851 1.04913328727453
0.00500737238853723 0.0568791445287755 0.833314857394866
0.00644762318804082 0.0745205913315683 1.16715920670284
0.00590066302416511 0.0601153614763736 0.990092504229136
0.00851563108681891 0.0947368944026768 1.5703427950843
0.0057344541076498 0.0685245781821982 0.997306083640429
0.00643437178675546 0.0740692734258184 1.09704075159858
0.00657124618067204 0.0723789392837644 1.10494964582536
0.00507787208315631 0.0816393721404668 0.827102281811603
0.0106682916310824 0.147394126976649 1.7920122261327
0.0078253095230369 0.0779172906903844 1.2746689593958
0.00744021408417478 0.103130603787751 1.3198393085471
0.00714472221778828 0.0891424282206384 1.19026834821096
0.00611057886845395 0.0603135751466734 1.08431201805403
0.00619654400955486 0.0719986119433224 1.0320505284532
0.00558441227756851 0.0564079367946633 0.920685859891491
0.00688769224157228 0.0932027210700328 1.13805689587293
0.00634575770190128 0.065951341738162 1.07023652707971
0.00523855831296228 0.0588878857317585 0.898773561184965
0.008919739586378 0.111462965742204 1.51212400699661
0.00697114975013979 0.0833498479559541 1.23259778741398
0.00533041901370409 0.0597581844001479 0.902032146881149
0.00481567522994069 0.0487209802841922 0.827759421286391
0.00749706153269968 0.103106762051744 1.32215053282599
0.006287229308899 0.0618675641675479 1.10849506256704
0.00406221798209089 0.0505439840898398 0.723533958263921
0.00678469500493865 0.0915637122633922 1.13325196156759
0.00479808870200154 0.0510658452302668 0.787251095263913
0.00574251845117411 0.063077216521164 0.941344561620851
0.00640590433470448 0.0901350102165763 1.14908651342985
0.00513230408818373 0.0532527641226157 0.890083515948837
0.00670638797077906 0.0866604740827188 1.14003675060706
0.00875431885316723 0.104999168030167 1.46079529236343
0.00700393495771603 0.10125659072333 1.14624647600366
0.00611445445742583 0.0730588842388381 1.19617041627622
0.0126727089159691 0.156251835209946 2.0999070968419
0.00860582534925052 0.11010948619983 1.43029982294605
0.00803184425561287 0.0921931406448662 1.35171018337126
0.0091674309524552 0.0951081864245909 1.58178693151974
0.00832443401561234 0.104928273835383 1.44214492480284
0.00732784245840732 0.0931869277469092 1.39420494012877
0.00651419291617829 0.0779542843980573 1.12990617283833
0.00502158876372479 0.0667036401888699 0.870537645617959
0.00581075029175945 0.0590512043317169 0.963226026468916
0.00580547367224566 0.0652179587648732 1.05510190790957
0.00551798580567643 0.0715596821923861 0.916321767885618
0.00846764437950005 0.095540336738661 1.45908212866257
0.00682107093775875 0.0844889014682367 1.27400673317667
0.00600782499474538 0.072502453855489 1.1022886036684
0.00923501112901991 0.108834441284379 1.56279762379341
0.00508024185418603 0.0549354906080907 0.931834097636852
0.00609610753220784 0.0665639352138742 0.992760614366543
0.00995081057661923 0.0957798251369411 1.5597672301609
0.00602453386202882 0.069174312633233 0.995628810949305
0.00579948166392153 0.0545771423252652 0.993333221713831
0.00576265736730867 0.0682786936053138 1.00831088876417
0.00621095473130332 0.0867318302954009 1.05800866685766
0.00684982439912522 0.0670284859865525 1.14699544672038
0.00372417473379941 0.0425106661475659 0.680597582008675
0.00481531908005702 0.0554443913204294 0.81147379859822
0.00603535545026447 0.0566305153889927 0.986985481174134
0.00872068548457131 0.0866497118258271 1.45955578858251
0.00681917254318396 0.0826320166270691 1.1924312448926
0.0056625549559585 0.0695998369271886 1.03166512286608
0.007140177098541 0.0821757342934654 1.24495554460908
0.00788397867972439 0.123838695882045 1.32768923385971
0.00499384389531982 0.0709990438748563 0.934098166367014
0.00641945487034378 0.0938895876302437 1.09479204778698
0.00843519695669138 0.0844835981389153 1.41902442459388
0.0041357241112564 0.0486596381240367 0.728619853622576
0.0117263656914139 0.127780557938245 1.96817443492285
0.00493515567982345 0.0563047468454731 0.913351641994779
0.0111618123745478 0.112748758081229 1.73971266682785
0.00814683673439813 0.145722935543681 1.48302245748053
0.00605910548384806 0.09026165765629 1.0422296816148
0.00467059375969249 0.0551588387700819 0.839474157009275
0.00627996935964685 0.0840322291374678 1.0203820658988
0.00514259923965941 0.0599243712925705 0.943841003237242
0.00411813393876012 0.0477101310526814 0.721790554090105
0.00470575935947431 0.0546370100187392 0.800539950044241
0.00587854288463772 0.0884102713460571 1.02748530401751
0.00629580980482139 0.0803770567203902 1.0212582630392
0.00613932001432848 0.0666679119488038 1.05924233557473
0.00573676510696442 0.083078463999647 1.00958538149193
0.00499440769513049 0.0683188920024858 0.87530068856784
0.00791690456712878 0.0786250101828295 1.32743416082889
0.00492079520434389 0.0500802722252494 0.848013926341299
0.00516321389663862 0.0524619284186781 0.907757202211734
0.00374236883288839 0.0483313129430012 0.65829421441066
0.00470052219657933 0.0482138530793392 0.806375869819274
0.00710275297561143 0.0845821044665304 1.25699776979807
0.00892330524594311 0.087044395874953 1.43757646735602
0.00597393149094908 0.0830080156792158 0.982622606737023
0.00596090778805618 0.0621376024789328 1.01783134684261
0.00742769952886551 0.0793882683282486 1.21732598276398
0.0110314445353143 0.135335001592017 1.70063019588724
0.0103256624696168 0.128197891441876 1.79768799379391
0.00522941265509958 0.0628407722084995 0.930181924811213
0.00756886961282031 0.0864140820289859 1.27806566066495
0.00870893264780181 0.0934050139390726 1.45836334027515
0.00791870363934632 0.095921879751033 1.35730456443782
0.00515757931951888 0.0505863388687835 0.928769632963409
0.00849071548542331 0.0843706279342098 1.44585411858744
0.00508702645878839 0.0573772792326109 0.881802200867129
0.0055608790839654 0.0750688286883432 1.0112329916474
0.00665402011334685 0.101176544791912 1.13743154299069
0.00625287302521351 0.0662167850523393 1.07080130722365
0.00620493919738109 0.0632140840801705 1.08227049065336
0.00610717695507782 0.0785612394462376 1.01059528476336
0.00509184291571726 0.0777242190294956 0.863826091520556
0.00354103131041932 0.0448934183192119 0.643690241885903
0.00735439032672232 0.0909144248791306 1.25436509518929
0.010521188788195 0.162983922146625 1.81965395363132
0.00535661611307262 0.072523793540126 0.941695853864031
0.00708851909043886 0.0787796303782262 1.22486721679151
0.00513812474192865 0.0646722108444529 0.939832527615988
0.00568583997975653 0.0864133872458963 0.994019687417264
0.00755757995678694 0.0794804053223305 1.24041920906677
0.00583633424075695 0.0992937979904419 1.04479855681769
0.00608646379324481 0.0591501849269076 1.01372642918644
0.00545344617552724 0.0615321803099949 0.936281550008461
0.00513327563734156 0.0738613365980948 0.876591833842323
0.00647590222879085 0.0904191008297442 1.16046145969389
0.00448719484786466 0.0644068974709207 0.826692356958582
0.00667834553935122 0.0751652017518674 1.0910767324709
0.0049657451398551 0.0615279452713179 0.8219230233851
0.00561250077040459 0.0818800203619947 0.959925743306897
0.00636161282397293 0.0831132497664289 1.06767476610781
0.00606571159697474 0.086765311319606 1.03501889439199
0.00487435979299079 0.0516753793611369 0.806245082250683
0.00438770289071079 0.0556513321284603 0.746651194137757
0.00552053221619252 0.0577546204513593 0.975253253063379
0.00729634222647047 0.0725379883058333 1.24441136305688
0.0056486175119366 0.0640240763980758 1.02175312284364
0.00609823981265306 0.0788336330861669 1.0320974552978
0.00551603097099375 0.0762583807363794 0.965208151078039
0.00577493868974793 0.0646858047346661 1.0323454323213
0.00423457583095431 0.0425357247097853 0.706807269998373
0.00461060111469171 0.0483234096127331 0.840183047193016
0.00676533659073463 0.0738941723708143 1.19070355873198
0.00599601756462384 0.0545739918928621 1.00345251964476
0.00845347457159129 0.0869590635336492 1.36307391012679
0.00482193699538378 0.0566841830708981 0.923307711130664
0.0062268263068317 0.0891519366546109 1.0796134935471
0.00439176066524075 0.0421701475791498 0.734046904451105
0.00484403958531753 0.0495814638097765 0.884714505308537
0.00486514482949264 0.0508465951860063 0.832355697871855
0.00564917649473508 0.0606543197483755 0.951530325578846
0.0058126923101645 0.0742365463465189 1.06124348812156
0.00736025557713234 0.0696301915824137 1.19190484066267
0.00662194579504976 0.082967805592076 1.14386673979356
0.0044144477040143 0.047018780750496 0.825809642067157
0.00600400159909507 0.0581338975823273 1.06954509501694
0.00520069963924092 0.0574908618180965 0.890560504980156
0.0084019454290307 0.112574380841597 1.45765626337606
0.00602037791216538 0.0600746650669789 1.06009363692948
0.00634368390851998 0.0654097878031139 1.18363684712466
0.00817794469274275 0.0855155550050552 1.37565329690436
0.00685337268678841 0.0685218944083025 1.1570078878501
0.0046846830111535 0.0598872074212215 0.819792695221688
0.00843657776066208 0.0874773718441833 1.45850018759416
0.0065494708926079 0.0895390931063188 1.08823387533325
0.00593726603834804 0.0601491317517166 1.04549193535261
0.00664901935275061 0.0765448685034886 1.14410838934841
0.00795496343490942 0.102349083581655 1.43503128601247
0.00945107188407281 0.143475369549873 1.64500292020087
0.00626815973888915 0.068309731747922 1.10140147378085
0.00762291883723913 0.0751459621429656 1.24660088462387
0.0068580328083447 0.070426545122645 1.18428319459027
0.00530536223419115 0.0592805349935725 0.938112497375002
0.0066917253261467 0.0750450367840489 1.12869685954127
0.00671224262228116 0.0774225012505372 1.18798867818082
0.00694541206368024 0.072976245079945 1.2582805019074
0.0071435603749376 0.076701211790284 1.25169566851769
0.00676780777250674 0.0708124185482237 1.18600958810186
0.00576625468070015 0.0747481834742372 0.993697927518726
0.00895646632890322 0.0906519356446147 1.46480326454288
0.00439529871486671 0.054578457979638 0.772126830879797
0.006020516511487 0.0615574448376535 1.01085867273814
0.0084728338341004 0.0929056014914401 1.3905715785798
0.00424527654038427 0.0499103766830757 0.768020757540582
0.00717149030289386 0.104683809208532 1.20131679989054
0.0071076949431167 0.0746028562272845 1.17216438937503
0.00533336934557601 0.0589318646763782 0.973079932845014
0.00617168610117926 0.0970049082089408 1.06799844146779
0.00639062866414973 0.057853830051388 1.07925394063746
0.00446097172350274 0.0510191713458124 0.820494616193941
0.00483845774698605 0.0660744376117927 0.823257224712669
0.00669497864906316 0.0663144314052771 1.18047356007266
0.00657840156753634 0.0879621150388126 1.24557736345539
0.00681158322561538 0.0587893487767185 1.13214074344547
0.00628321023495812 0.056760882098378 1.05936947153298
0.00436579116865717 0.0406952537416233 0.731341284839507
0.00486374593696901 0.062482301156177 0.912525435392013
0.00520480070735386 0.0465737826795079 0.85866252609438
0.0058979158417736 0.0836867295240995 1.0403173596264
0.00734794130980292 0.0895995257886631 1.27303056638937
0.00880850709521458 0.133240154054948 1.45864938521266
0.00680874538202001 0.0842832602610394 1.21510841498369
0.00496029815699573 0.05565617522019 0.84251752065653
0.00585380631809724 0.0623649823796515 1.03895703759158
0.00804224204921836 0.0959931401170935 1.37084463514345
0.00764474091781499 0.110929632425818 1.33448663665318
0.00722027569106135 0.0841217641379294 1.21171537037718
0.00612175941831535 0.0660081391872001 1.03780573512697
0.00477125669594395 0.049465003229051 0.860071367502504
0.00492636985277302 0.0582260748657851 0.905985988435212
0.00986420730225504 0.12732691069052 1.69177327348703
0.00605232506771773 0.0809023075488323 1.06323962399563
0.00684318701558391 0.077668950061157 1.25155576711237
0.00643479399947049 0.0758830975657268 1.07211195024709
0.00494888770267665 0.0510220404525926 0.868126239285856
0.00550498701238221 0.0714847898925252 0.939304564022794
0.00698024031853909 0.114967872789986 1.1879418974527
0.00561134728801945 0.0691076719304978 0.992908199300197
0.00471404159946278 0.0470717825931153 0.789862522726304
0.00657569102824618 0.0855501071792049 1.13315325933251
0.00693240803218628 0.0727815508417385 1.17852817091052
0.00354634485779772 0.0361073768783045 0.611009982438584
0.00546005757452363 0.0696974196857403 0.91602595661793
0.0071011326709638 0.0791733830494929 1.31472935288782
0.00617851583170598 0.0835351747659919 1.07605034541305
0.00769955370833134 0.0970700090978555 1.33729946520065
0.00611803081606651 0.0757588033350717 0.954315217599017
0.00690589185447658 0.072798698325511 1.18097965158796
0.00510800278451842 0.0575286818613464 0.921367837183417
0.00756924909449584 0.109193203862287 1.32340686071706
0.00917396237841105 0.107207677716224 1.60914060040744
0.00801445409009606 0.0990999788398654 1.3985793649867
0.00575745768617787 0.0601835899179962 0.946704013990145
0.00793855181194719 0.0903492762137862 1.44703494246914
0.00581420646757064 0.0775889498048502 1.02170129533364
0.00674290467764223 0.0822844894692153 1.2588802589767
0.00496100311109002 0.0793427022018599 0.84643547890161
0.00524899198483828 0.0637086530333658 0.963649287440374
0.00721352029791017 0.091168173447265 1.26878357721533
0.00493045209715678 0.0536573820649229 0.849791516330073
0.0090416412277675 0.120274776572345 1.53972228927006
0.00594909103584976 0.0592742373415981 1.06184163606263
0.00806482099810457 0.103786639028748 1.38357937061348
0.00548909100575159 0.054898939661207 0.976473101344438
0.00760610275256513 0.0799994035294456 1.30465236853241
0.00719051550645985 0.06843690028454 1.13654089990074
0.00499569819937249 0.0511419374994896 0.804940003490974
0.00672415818116825 0.081302057001077 1.24781626510325
0.007916928810222 0.0998589691551256 1.39080118224355
0.00656502124630792 0.0885468461784728 1.11532594833889
0.00487794907237769 0.067571618268388 0.873633685035969
0.00867892019974561 0.0826122791686391 1.47867107197448
0.00464813497657854 0.0622545686685113 0.830121213934321
0.00706772901994377 0.09483109810706 1.18508804008829
0.009779436664778 0.0935757333051409 1.55903031338387
0.00998347076269403 0.0977439614022854 1.64027103683198
0.00856877484902648 0.0871893560917954 1.46536290391696
0.00390698789305961 0.0458670768635309 0.671653635939377
0.00857754498320911 0.100896261498942 1.51945669320364
0.00645031398316813 0.0895272202512696 1.06965754853931
0.00580201554981869 0.0592759541994827 1.0593777611293
0.00590802128768461 0.0592406531907348 1.0446108053756
0.00467623281117165 0.0739609446190265 0.84932036975725
0.00577162309170111 0.0609901583718109 0.979252385580085
0.00775242125309564 0.0889251092831393 1.31544556962533
0.00599451328655645 0.0807826713596363 1.00015322139989
0.00599390413228872 0.0726176866027506 1.0490776683737
0.00571957475152176 0.0768097758838366 1.01284179636253
0.00737595224091353 0.0879175037981384 1.32155168997105
0.0054555208308994 0.0577108388286189 0.941747291735618
0.00860628535554968 0.11866375632133 1.36781784133772
0.00819342104999931 0.100087059446149 1.32734623710518
0.00763222158085724 0.0928037022199205 1.29380135228558
0.00668424114249591 0.0742345057398426 1.17986942008211
0.00766164975106854 0.0912328801558532 1.37736697860933
0.00710448807470129 0.0754849368953778 1.2704218186519
0.00566258360196707 0.0671137215934211 0.993260017252852
0.00912059638901321 0.115816370785392 1.4857605724046
0.00839800597451972 0.102153609068335 1.50695532584134
0.00513504637479122 0.059632628950126 0.921986025251555
0.0069080817455481 0.0704727504540629 1.21976524335947
0.00448448113864717 0.0735890888566893 0.813896802297004
0.0070895996870604 0.069411206982433 1.16386529625112
0.00559753799499346 0.0498328197517947 0.930809979465109
0.00896295151140642 0.106381910987725 1.50762630297047
0.0066429818783009 0.0666975124809807 1.06299391227099
0.0096695278946057 0.177023867564036 1.76991633876661
0.00567598012883547 0.052467111349352 0.934117131364257
0.0103458898161971 0.121037685931898 1.78049484678467
0.00565106599057841 0.0612258025789865 0.964491728862588
0.00720826449531688 0.0829436245964046 1.14949284403797
0.0094158248617322 0.120702440530473 1.67705186909173
0.00707799901189433 0.0829857810899816 1.20660190406759
0.00684176346343951 0.0946198470654558 1.14990260162356
0.00562777892328131 0.0705704619712085 0.894607103598034
0.00642248948696979 0.0931062874306997 1.12951987972944
0.00623348401480626 0.075261189795901 1.08551411862852
0.00440510565978205 0.0488165325284682 0.770070340932483
0.00667655713821005 0.0901524689054351 1.2078603212107
0.00603706307201031 0.0662957956389299 1.00898579797839
0.0056638535321016 0.0741777339553956 0.972419030243978
0.00542674141161549 0.0784589082404483 0.898014363221636
0.00508367141496066 0.0493161730174893 0.888449337311923
0.00592476362549643 0.0669643226405068 0.993747583114348
0.00762437740985035 0.0863629364602063 1.30576199538787
0.00735003530717795 0.0874419702860092 1.2334529653427
0.0063632193898916 0.0656852966789894 1.02787314298235
0.00612958075238394 0.0594327700656998 1.06971130057057
0.00824049173150071 0.0989083319052341 1.56031090837462
0.00643291887204371 0.0614408512894541 1.12283603772072
0.00640205493146927 0.0961284319515257 1.07924603057605
0.00688297170122168 0.080671636255001 1.17427064701368
0.00453323292334992 0.0476446889941682 0.788819429345815
0.0091761394167174 0.103860679382901 1.5700901717459
0.00596190071538127 0.0798935164122003 1.06208415172621
0.00637992418947361 0.117415522349118 1.11092098444106
0.00608096761994018 0.0542213334067589 1.02365891010821
0.00736704707298611 0.0674929130748545 1.28248802845325
0.00611740584869624 0.0669454414655802 1.07885276290777
0.0057730973099029 0.0591586887024957 0.995047966086941
0.00528325221470867 0.0552714018544761 0.898374367213743
0.00799052325274377 0.120959033314651 1.42806759722498
0.0049979173520486 0.0519580633546772 0.88305347978368
0.00682293008216161 0.0695854856566551 1.18407487445555
0.00642640703082811 0.0749733552508738 1.12126529085203
0.00436621370939733 0.054252435617416 0.788564528006534
0.00557427529105059 0.0575143808020155 0.925129526083082
0.00708742580835209 0.0923718423141418 1.22338919388583
0.00692669721787941 0.083205519117437 1.21680304982851
0.00794541891313956 0.113780836076667 1.45247986002996
0.0049242189781801 0.0510965264188719 0.849249988919439
0.00962043757249206 0.104289130263696 1.59181234261187
0.00733116877935658 0.125055530251608 1.26224949477453
0.00346258323275294 0.0343864630326805 0.600113219051147
0.00761724223524449 0.0750082139109482 1.24703214727634
0.00555566089904224 0.0696315095026077 1.04059993835804
0.00996101868309279 0.1405699382054 1.77228831106765
0.00739682955902298 0.0753858220773164 1.25092267429643
0.00594196452028578 0.0684357549113545 1.01352614298059
0.00730869243712676 0.112148131211117 1.17140863966883
0.00770553859598728 0.087318518897168 1.24281324937655
0.00622177236899567 0.0715786544901397 0.993052219046604
0.00588831036089077 0.0574228357071418 0.963168883443475
0.00566777294183435 0.0546250407145564 0.989483642480562
0.00394042225527426 0.0454266973900258 0.740848664325819
0.00699941624508607 0.0851533693696531 1.25345721953053
0.00445545565192818 0.0814316604728164 0.811570618691128
0.00796316476145514 0.10530321150471 1.2765458518446
0.00937100394362281 0.10177434548301 1.65203184767753
0.0080353739559761 0.0866743621906319 1.51657513942342
0.00522225187284561 0.0493186037537767 0.900987791531005
0.00761911741267162 0.0699737858752895 1.26744910334544
0.0086208918525936 0.0841122246277224 1.47785463911166
0.00850326784438291 0.132956215778997 1.40284030349475
0.006210346434677 0.0647083182332161 0.995784624084262
0.00476098384771857 0.0673107854173752 0.865021437505414
0.00640008611026735 0.0649442329119943 1.04248085055028
0.00731278169597028 0.0907208447025795 1.19894734580732
0.00809461005166663 0.104879966056791 1.44136820813742
0.0065344645087894 0.0802105784109049 1.12585731828289
0.00908724238677094 0.118762010737032 1.52590122374639
0.00668881133036665 0.075283600121959 1.14542693899772
0.00765528367072302 0.0707747433995264 1.3154737940107
0.00446357662240265 0.0434865447988026 0.755833282650013
0.00861226065694493 0.107996774434705 1.59830137880107
0.00612020550780261 0.0606159617818328 1.02662829913209
0.00605666804908398 0.0706788842583977 1.00092615630101
0.00573273579044275 0.0698873144847576 0.982166532853125
0.00467603703006253 0.0491475609315871 0.73527828892025
0.0072276913401131 0.0775521629038989 1.23986913287451
0.00470923539715637 0.0464785043625936 0.758763964512552
0.00451013687298477 0.0588918909377552 0.796263730743873
0.00622805444376724 0.0784117796249012 0.998224895145093
0.00573460224836417 0.0521068171821989 0.917511383442123
0.00665938606814752 0.0921391061449258 1.1356744489822
0.00553562605609562 0.0704203055856934 0.945759944446365
0.00446641208979046 0.0527779359413937 0.783581309116298
0.00690311947377012 0.080718890316067 1.24236004534513
0.00955557451215845 0.123329871126097 1.6904050184873
0.00964891311654082 0.119292285156739 1.5533661085463
0.00844463028063737 0.098389805852169 1.46208642554958
0.00568830740346536 0.0592943655451546 1.03582703708302
0.00817475453186078 0.10173804975566 1.40023032924687
0.00564606632745391 0.0557168729343024 0.944190799691209
0.00565424460296726 0.0628603599489309 0.969266735386345
0.00611517911864537 0.0771847887519808 1.10116533299734
0.00463270850710256 0.0565287956457777 0.841733255683661
