0.0605134872524895 0.116863910872413 0.73558970922359
0.0739019798074256 0.199275941286625 1.01749961888616
0.118589922764231 0.355637486207063 1.51337277494574
0.04756754210061 0.0806628196539686 0.519656824277019
0.0930295520165031 0.185196424304424 1.09234361352722
0.0504714354667291 0.107458799055172 0.668083364502922
0.236648066549611 0.454978875939951 2.21796843676461
0.0421362540861108 0.116000743494138 0.49468007070761
0.0249750513022256 0.0667879771818936 0.370180367832674
0.142712559844544 0.319726724402348 1.67326231140178
0.0248699479531988 0.0579816801135439 0.349193634429372
0.0371618827814186 0.106066283000599 0.542064021237294
0.0788242574396995 0.245972556612493 0.917552420918291
0.0333543801143521 0.0687441508544682 0.418863167742115
0.0370527722460362 0.104525526016866 0.539418131155308
0.0531652485702902 0.10307494185922 0.659912131227818
0.0567051788434046 0.164226428535452 0.77524388655608
0.0751351036455558 0.194755527536171 0.981307915626781
0.146203149173562 0.359633818456469 1.7921480795482
0.0509625345298307 0.115822889788644 0.696246016136955
0.0329818610290555 0.0915451527838307 0.504979681333602
0.0930240891059396 0.183043179737637 1.11568256916657
0.0624406250659116 0.128183888439446 0.775427541054864
0.0522279183884947 0.168026065161666 0.751822965719573
0.0469536992208743 0.119227434828501 0.628708387906099
0.053102029932721 0.107712534597659 0.675765190305197
0.0465847019943359 0.163809647536559 0.625019724717557
0.053127204565995 0.098299072780573 0.648765661734155
0.0261499158766966 0.087208593389092 0.337641732830623
0.044159045710939 0.106608290631145 0.624944730755326
0.491751673850634 1.39980765195275 2.71628261334615
0.231940898391712 0.60294375774998 2.27789346600444
0.0375755179098754 0.084702239697276 0.523271869883791
0.0956929611624478 0.314201287724335 1.30410090571262
0.0305429752943435 0.0695505275859928 0.432274185508269
0.0679627302315074 0.150956486751432 0.866006774019541
0.0958249704465955 0.321534572200286 1.29168969093675
0.128493903283003 0.436279822284105 1.47188500308797
0.0927167363943105 0.152783197831264 0.96018344910401
0.131609364442211 0.406676957358423 1.23777924379822
0.0302155028558023 0.0981124909838741 0.440656129954574
0.0579627216203396 0.142972779636361 0.673209179044883
0.0631888456892497 0.196538639195883 0.886468844885056
0.0272812354925891 0.0749112177837929 0.387722375182159
0.0495666701196114 0.152435288726459 0.725975833988354
0.0289235799751643 0.0995492609411624 0.373759280653783
0.263015168946541 0.497647832921798 2.20099307086382
0.104006372149195 0.230969240026281 1.33169616566475
0.0969145081233963 0.195813468182096 1.18021923988266
0.0388549098247277 0.0712668001863187 0.468429495739881
0.0424797751953711 0.129097539813727 0.614742379433525
0.061773427768998 0.14825215626111 0.758479463081865
0.0976687004018887 0.2084169392021 1.20418031634922
0.0330826418079095 0.0661192528394801 0.387782725589474
0.219891001606662 0.583088153681868 2.18604571021346
0.119753858684399 0.282489680787447 1.4984723447905
0.099943722986588 0.337462330445011 1.27553202282311
0.0708648072923456 0.141588378150009 0.895025934333992
0.0584711687176231 0.164250040917254 0.865761637458618
0.0343156909490731 0.0658396590915115 0.396487205065136
0.123896342383894 0.488117406473058 1.42738460112214
0.0466974169419094 0.130890520193505 0.559085084462774
0.0661281091397447 0.208637818449912 0.870007589371419
0.0716238018550768 0.208315927204021 0.799316470158954
0.0501578292760481 0.147518034674133 0.711714105698247
0.0685935744088807 0.188804913073814 0.838582692959197
0.0251189532827377 0.0550998007641304 0.347135846395781
0.0988149413073857 0.309777197436818 1.29081984366366
0.0401490932112995 0.132542524469451 0.525428726824612
0.0239217789266215 0.0608640392720652 0.346588317765727
0.030586840969619 0.0922004037740268 0.43323542039271
0.10579658787329 0.360444649055995 1.24569793851422
0.0501547980780045 0.0979943648242916 0.629206059711984
0.0684505924005329 0.240820974139408 0.812739437443547
0.0260861286875849 0.0598664303762168 0.378209671178459
0.0877385698813503 0.335705763351098 1.05312686163587
0.108571382274578 0.242414879594727 1.41406323605114
0.095336903886888 0.155993008284302 0.914537547412078
0.116159748559409 0.26587464102333 1.44744718914339
0.0573250973688011 0.120528772943626 0.687453609825543
0.0329118562906389 0.0838916057675427 0.390212085724901
0.0522295478867605 0.133377943762731 0.754675964281338
0.0387178518462657 0.11904865697789 0.475394257032348
0.0721498383491907 0.246979857086672 0.881178358338277
0.0406404546550102 0.107734788551394 0.504944713929564
0.0725626108844121 0.277966723326392 0.903316570201788
0.0272250035528924 0.076045452851273 0.406568392050797
0.075253288608314 0.255542062810705 0.825758756320825
0.0645947905176976 0.144226034248171 0.858964011708656
0.280521785332675 0.829432782021901 2.42424732221341
0.0732887560276078 0.180299316412702 0.997496110329013
0.0639050159449202 0.126406760332054 0.83036889627876
0.0793136610155391 0.226340600013906 1.08279676260698
0.0828443711241188 0.210266086755377 1.0185432031837
0.147373134088359 0.30635978877591 1.70619964588983
0.114317061076275 0.367958989592744 1.39206317716322
0.0497945044917049 0.0995718902464489 0.629929146942544
0.027067073635293 0.0802321871388454 0.374693987068229
0.0270484896460889 0.0477151386191508 0.317386299918309
0.039583902025579 0.138981628905023 0.546273257069652
0.0263261993512585 0.0615855270538296 0.352903609344792
0.0473043822702159 0.144300600393319 0.519158146554839
0.0538511564209618 0.123866503385077 0.671453726862018
0.0435716065184384 0.101083512302114 0.524386935348063
0.043779601885147 0.107687768388568 0.589675664944484
0.143778690423807 0.25178926152385 1.52432861266465
0.0347314105058412 0.115452205457323 0.45245343287306
0.0635614368297466 0.168175449135188 0.764073656306351
0.06338247713595 0.186170370399541 0.885902825508307
0.106347409096222 0.188107469998004 1.1549704988797
0.0634371372570615 0.19938771159678 0.685240658250062
0.0366976595524954 0.0633131444507617 0.413516285546539
0.027013807535336 0.0822204575262424 0.329225764636008
0.108800145894187 0.300055192888093 1.40201378982817
0.0282004529629467 0.0549145098209568 0.357867265851045
0.0333849058703977 0.106678867518573 0.456658675512489
0.0610495125632977 0.22697823629402 0.738660468750219
0.024931858193653 0.0519796494986049 0.315432104082263
0.0322119491725365 0.11124709074984 0.39907033874364
0.03503109034736 0.0764073417268534 0.469457423587443
0.106759980279559 0.263281297780249 1.43511779815971
0.2119548282012 0.419670447744653 2.13903270882972
0.0932396899665616 0.144571076064237 0.857320003836114
0.0251815508086862 0.0839245078089436 0.34331752274533
0.0752069566283589 0.19840057648965 0.962090490273363
0.0769646980236134 0.153570480461833 0.960577323046786
0.046101702236458 0.160673164359965 0.630340630106976
0.0197402869191366 0.0627667987715527 0.298357756682393
0.0503110380259192 0.180512606695774 0.656535781629765
0.0651770514593628 0.202350547551144 0.61929631232363
0.0647624318510441 0.154984830150204 0.905889440366211
0.0234346774082727 0.0816018845551018 0.27611973673871
0.0831281897863994 0.250582130034478 1.13571866451034
0.110514250190669 0.199128919518215 1.21340813922569
0.0486228114250052 0.153767014170002 0.664560968586808
0.0767986755666089 0.185598027831487 1.02707068997498
0.219943459535609 0.433558578456219 2.08783324711513
0.0503901433684574 0.123928564632316 0.717953506442611
0.0354005992018029 0.081018779634487 0.49598028509981
0.0665886487440031 0.133585363394793 0.852157673536108
0.11356771750494 0.298280709416203 1.50075693791534
0.093150399240045 0.189927792587205 1.14214372232691
0.0495300302032666 0.131286885368736 0.67015059539441
0.0337317330135516 0.117950196616778 0.449857103796239
0.0575993183627275 0.177364187825092 0.6457179596911
0.0471730532828709 0.169594683836906 0.626982579037757
0.0474465261504152 0.12061478456048 0.588495662407737
0.0344133772490718 0.116038432441252 0.458617119127122
0.0722491555531524 0.179488697032684 0.947608902803844
0.144629013739142 0.441252244064017 1.44533119885161
0.0335244518593046 0.0787410126697735 0.473819973964433
0.0383702956317959 0.123982920492824 0.442895075505308
0.0447333064354148 0.151002536551101 0.640761000314
0.0797218246986214 0.214016605134996 1.14884568606001
0.126483513031963 0.287235700607714 1.57372490422434
0.047572100499839 0.159021824381004 0.618983166356829
0.0200281387513378 0.0728678747696196 0.243181084765186
0.0689080328971316 0.141603621296477 0.880178918841888
0.0638152220181378 0.120476399191554 0.773943988715826
0.0634334898922935 0.111951192233176 0.68116726989791
0.0363699044155426 0.0745944259334406 0.435640395728953
0.0612943880010976 0.103414706293637 0.66893335264645
0.0469022469137052 0.124866306285301 0.692130341820944
0.142405331504697 0.246707824701856 1.4432516440112
0.0738441217705915 0.19323763035996 0.960474909080956
0.12145083104095 0.244944621589564 1.45161970068856
0.53208749954217 1.95494614518052 2.73599207604411
0.0540224993492792 0.168733604161189 0.661282248401279
0.0913134115614772 0.199967159413902 1.1021138027421
0.0421795537778798 0.0905182421279447 0.519467410619856
0.045123913893482 0.113977634623688 0.566366479264261
0.0365249805155219 0.123746247955288 0.479032525275116
0.0570085524163956 0.119748981315489 0.769171121815663
0.0412193587298783 0.104072775409453 0.558562255519708
0.0511696486852901 0.160384960231591 0.706922759365695
0.173228094677679 0.341975470791735 1.83684771558585
0.0336284348201368 0.116315335972995 0.464605881632406
0.0412879408395722 0.138690064622706 0.471258046802744
0.0599643042262781 0.144909636187211 0.826108608344633
0.0397009877534562 0.0837153523423954 0.467160060691042
0.0353151238538661 0.109815814019458 0.456559939528428
0.17319026320225 0.433405369023834 2.00264766743832
0.0557044457808564 0.208633462343931 0.713335885941798
0.0330107859379962 0.0804429998374815 0.477861766819219
0.206364184579525 0.755001492541043 2.12200194406667
0.0576012368448813 0.111118048533559 0.722941093605805
0.0934888331319483 0.185686991045267 1.12304160781284
0.092068275066645 0.195985939122107 1.06960881098073
0.0459310055011902 0.0943593833162249 0.580695989854938
0.0432870091135061 0.0981049380103509 0.60405302792216
0.046059009873624 0.0821860402895085 0.54255704416364
0.108146948016331 0.369640744560429 1.20030348074801
0.0494044020083481 0.0941949949522658 0.605709020331883
0.0379607108775731 0.10208070260474 0.56422871274908
0.0500282596492142 0.108021667989193 0.675798243992846
0.100571050970632 0.271901378610829 1.19849708805489
0.07157182703066 0.232899481234505 0.983175553911744
0.0906035390486261 0.165896904697731 1.03495109025997
0.0569157337901224 0.136950622952501 0.783361840135614
0.137505895621278 0.405397623081749 1.66692751225636
0.0608183113887924 0.126065344664753 0.687719694415613
0.0590744256205557 0.138812445346214 0.827165525655908
0.120090944559472 0.398915585263776 1.40380344331914
0.0328399219434472 0.092098117596368 0.350022143230777
0.0987933949129509 0.175332559530287 1.1056889774377
0.0699395783990582 0.128573604660303 0.840789104585143
0.331487471084014 0.76738185965054 2.56216227057648
0.0779036507921756 0.206020080765216 0.968503836181183
0.0666038143997732 0.140940983427324 0.843385150725109
0.0243647254816463 0.0761736727135115 0.303981602444186
0.0716728406274983 0.173511009820524 0.853308418959404
0.065798251628348 0.134999673259767 0.845078275621441
0.0155107545038372 0.0483331356053424 0.224037671302951
0.0477288184045694 0.175698295548783 0.569594805990651
0.0321740439614943 0.111534528946947 0.414946804219005
0.0496453549287988 0.110484041204509 0.672611899825838
0.0726589190663257 0.244337153319542 0.976355074640074
0.0305201385096684 0.102101513167301 0.420136036217975
0.0433547380535058 0.10288368405251 0.589776262115674
0.0395981048786529 0.0863858276240973 0.471907466099137
0.0681208056194058 0.256562103072859 0.842710287859866
0.0572535394168266 0.176239852667238 0.566015536966367
0.0670578008111006 0.203651769629036 0.856317383951055
0.0428309591846955 0.131039112328002 0.618722742273939
0.0311082478463767 0.100850253977445 0.374883557281612
0.0229497578047715 0.0635931213147599 0.340851156315804
0.0269006373480027 0.0531000263211746 0.309136819347999
0.0559342714973773 0.132005256563111 0.753817644990472
0.0262064363350849 0.0803791784194129 0.291427454615349
0.0262467180683603 0.0908496667814505 0.336003145634477
0.0332409820949987 0.0752977158281618 0.416376889364417
0.048422872249086 0.161492300131442 0.670211031033919
0.0691409997603625 0.217706202211923 0.975053011064245
0.0935332389853339 0.30164202716838 1.00145464698055
0.072244395300837 0.221156435800617 0.830423561748519
0.0665386216750281 0.128809526216213 0.791001859352547
0.0619157864543168 0.101817228085947 0.608644178634648
0.114286520272685 0.190460825979895 1.0794235638995
0.0909339036653454 0.174096814414656 0.998861671186275
0.0515203151989063 0.159955294806618 0.736909863604987
0.0447291741379151 0.081479156306221 0.536595519236012
0.0595550348288097 0.103655832933618 0.672910828522974
0.0326589320716522 0.0876032960408776 0.475267882495303
0.0825789480447145 0.222042747686271 1.02104700562863
0.0374190794820333 0.0708583980744846 0.455623374949756
0.0792252328407483 0.175377783090683 1.02570342053924
0.0383447209544152 0.0856217505186672 0.532083532637248
0.055412932619587 0.170357199804368 0.697245790227306
0.0478624497266325 0.0812462293195962 0.524784566167463
0.0878062016496724 0.170302416935597 1.06297199644066
0.0354481929618663 0.0609691987170667 0.391800031623736
0.0397022120919056 0.128683821757505 0.557183440196488
0.21856760709204 0.599049101970031 2.05042176846355
0.0623145254159759 0.133238801299557 0.816040764481078
0.0713048234318136 0.137108434912852 0.868641059353312
0.0534462585041832 0.18832821553286 0.670389387679725
0.0687360681744796 0.247223257918015 0.854713247717776
0.0307953279384632 0.0683636990590771 0.435671898952552
0.0601667637727782 0.185484724626322 0.874853222865852
0.0521346731296985 0.184024364511921 0.696868358068523
0.0420245841723286 0.143849349966475 0.554041498210656
0.0356412199571192 0.0750417094723 0.469636075325911
0.0765466660119597 0.231818186319795 0.907124852372253
0.0344501965359735 0.0720605883825395 0.44793218114391
0.0548885109766633 0.0884204854717727 0.539943356347499
0.0881057793451347 0.167254780523416 1.05735582454647
0.0193610396719355 0.0675020380922213 0.243058001516412
0.059519985010604 0.157065459876564 0.674741838608839
0.0508559378998763 0.131020557864803 0.600028800772194
0.0680029465105191 0.142682046622408 0.864255127875846
0.0820564732483294 0.26594705170155 0.982946190149408
0.0227462014476412 0.0517938805549453 0.320167147950084
0.115927763793286 0.39001966432473 1.28519560146229
0.122647169694039 0.302451197758344 1.29225631524564
0.0562867615167993 0.140673736988989 0.76333114532364
0.0586570517430107 0.120627360273226 0.692011665962448
0.070569616742845 0.151345897996754 0.887844625673456
0.0323940447361555 0.122286824821831 0.415960861987463
0.101129369290144 0.316683641881782 1.27669314112964
0.0636480110437706 0.194284780646955 0.705442407803512
0.189282242844705 0.446012986331784 2.04697090626027
0.133235249227462 0.265429988900124 1.48291851390679
0.0405139287861987 0.152500708654479 0.533259931481615
0.0778408965298734 0.230641365448972 0.964554509591015
0.0654605357144626 0.223818158235958 0.902629115179002
0.0644621883985979 0.138464298249559 0.854349117863508
0.600170438179798 2.08655673216441 2.77681100801054
0.048893622727107 0.0795919846233089 0.507672548734548
0.0917258756136725 0.1893117771041 1.11578574164352
0.0385503467771144 0.104628190357206 0.458174191129046
0.119600917834508 0.385330452097157 1.38699805438132
0.134997065991822 0.290906293758856 1.65086300523734
0.0529820498835447 0.10366620565149 0.664381478212956
0.0348788934125899 0.0616285107858582 0.394032334454998
0.129570706644302 0.367835069216801 1.54588641900646
0.0529697135825205 0.10921656823423 0.683803000709797
0.0740612607169909 0.152501860171984 0.947034778188079
0.0713887512667014 0.176582948108859 1.00633002918985
0.0557286226075523 0.174929815665852 0.789031183740528
0.113106589717463 0.410126126740132 1.27482985902523
0.0361374794718892 0.108899004558572 0.507133349048836
0.0289089108041296 0.0900384611351895 0.416941160808161
0.132982570265611 0.466716552137229 1.47741786979659
0.030162670925597 0.0777695218654822 0.446488826428869
0.0763837732862186 0.162927610905463 0.975975823217629
0.0585896572551804 0.129426485202713 0.792055931622337
0.0523507412012625 0.165076663336228 0.677473980340258
0.0358209916989218 0.0637086495473704 0.417894836810735
0.0467098391097801 0.1579654258211 0.672217859534321
0.0688901088745886 0.146383023513233 0.857247736916168
0.152045462790503 0.467163520158811 1.87603036292042
0.0340247408280828 0.123828325029648 0.432369436521058
0.0563822250128639 0.156933183392779 0.758572645392429
0.145422710180867 0.518842403959163 1.68552487679071
0.0453257800438344 0.113008729993391 0.636842710064005
0.0499509547654019 0.118615157933175 0.70107037650503
0.0506336920046245 0.143102876492509 0.546571986693207
0.0545384664800361 0.214887124143555 0.647986306429891
0.050165023058188 0.187150317977583 0.633222311827486
0.0389892524467715 0.125267159399031 0.456616417058813
0.0572454300004219 0.141205016934599 0.782891358496073
0.0353872850360261 0.0816374723411645 0.469741180058444
0.0560644826968819 0.171833916827406 0.800127014774081
0.0576378664891389 0.205675007578831 0.755639106243637
0.0698656939106955 0.11744458348572 0.725990274262515
0.070184668064841 0.238129991446286 0.893394138453676
0.0333066351838841 0.115094859324325 0.428042589745668
0.0635790408911565 0.144310184923281 0.866058395847786
0.091055822071094 0.22072121722884 1.14252958276015
0.105488140779321 0.349271860948932 1.34251830556085
0.054815523298855 0.16140861987743 0.783857800160362
0.0424168914257452 0.134272425111539 0.622881896911107
0.0243728652224391 0.0788257376334068 0.350825534886129
0.0367140924194232 0.0782306594761032 0.500339007933251
0.104247078033941 0.180685203511069 1.09989279010087
0.0355330332387982 0.12152851389137 0.494563509439363
0.0509029092727143 0.135907111142941 0.57102498961665
0.0551256853232447 0.0881291926932227 0.555145969532773
0.160796138139497 0.268192462870224 1.54001864232307
0.0932390189005558 0.220857273198063 1.04481375345376
0.0741639157596841 0.120934013334937 0.764794408926391
0.0370674395274729 0.0830987877808469 0.517495830957882
0.0433723076897194 0.130686446536335 0.615032912834379
0.0873048975094345 0.234134480943579 1.22119758536149
0.138661593953651 0.287726149981454 1.59815311403191
0.0454022422383258 0.139434204826802 0.662869162339536
0.0287357043580991 0.0979457384181612 0.338260685180691
0.0425570377922838 0.0884314679652961 0.574837918161562
0.0886464572255808 0.183572174816964 1.11670763066934
0.119638419698741 0.403642553268053 1.37756959377202
0.0930813368938567 0.314721407155293 1.15945425602925
0.0903469592446776 0.20206156172222 1.1141051619359
0.0907869670598583 0.292038517126133 1.07563169858528
0.0592602278564581 0.117974401330107 0.742747040088935
0.0353616873610456 0.0886308556625031 0.496288400627698
0.0932583368493383 0.291429338546969 0.98062073105193
0.224675891060045 0.779658999554076 2.21928985797217
0.0820243406721685 0.138505335404145 0.868395398598017
0.0818915503986807 0.151618136473557 0.93181848780759
0.0503306399793477 0.100907548516883 0.616657327177819
0.055526768015051 0.175420669946157 0.671744672561032
0.129060188929303 0.419647577415101 1.61372809679404
0.0815266206729878 0.230868786257078 1.08460207467538
0.0237443210725855 0.0623981411926822 0.342170959645487
0.044139662889572 0.0989338975392355 0.604444372665014
0.149253880195388 0.492211723411736 1.71519894870974
0.0353182033557851 0.0724137361307524 0.411454833392346
0.0843968694682596 0.160241284377793 0.917286618426671
0.0933430381195737 0.180050666148228 1.08659209634571
0.0394472089997768 0.0885351501085616 0.538213583647104
0.0245448680542632 0.0649859995189449 0.356168324348563
0.123649582629218 0.249441506557973 1.49550837026172
0.0427763713875552 0.0902986231438938 0.537275761493665
0.0201518014157587 0.0462671667636486 0.284391021903401
0.0503914555125106 0.128093102729651 0.690193374892422
0.172189110933982 0.477091453806525 1.99565275292052
0.105030427456432 0.199831513689488 1.25254144177438
0.187932406012316 0.410873443599729 1.9458392157045
0.0464765473209365 0.148033477206624 0.65111751423519
0.040299133580285 0.0965375169487109 0.576292721371889
0.0512532415632608 0.139136824956591 0.740429426461147
0.0449276343518584 0.099030707926699 0.598606671799757
0.0478760985993346 0.145576411468353 0.680544443415571
0.131121319914036 0.407688002303794 1.31632164978207
0.0624105486641301 0.186985074197124 0.789065972637795
0.028393308493825 0.0779630888929525 0.36098069296945
0.196678530801337 0.603289955518581 2.06613595199712
0.0486440886941925 0.178726353245667 0.599658755163243
0.0411311431196205 0.0908372521711578 0.525729241517026
0.147973329433182 0.33890417198736 1.6738301787155
0.0459257501995472 0.15278053744653 0.654114513262102
0.0957454646413661 0.239113026163488 1.18674535210389
0.0990410739332896 0.209971587527912 1.2794630966918
0.0459839583411655 0.0908434351139439 0.567462756828591
0.114971460880535 0.444572965710043 1.37280363715949
0.0403536310649528 0.126078847176439 0.581580194149888
0.0376214871583131 0.0909231226818002 0.535600903875865
0.039322299813994 0.102091519848958 0.564478997923522
0.0370086327363881 0.132681643808779 0.443632810095536
0.0550487818703922 0.166819399426713 0.706120634721901
0.046985885368174 0.105036679505498 0.581750778396289
0.0839324474778679 0.174938086293799 0.998466619220912
0.149288347625361 0.322085424556543 1.78765959985373
0.0312584385439835 0.0922037469277909 0.441976256244618
0.0471066690087563 0.0906608649063763 0.592217092546991
0.124956833038729 0.290875918323767 1.57430008762617
0.0258903717770728 0.0458041919915116 0.293665282035943
0.0667842133736303 0.217630119062646 0.698727825320851
0.120449768896182 0.300342120354909 1.31202254147486
0.0369382889721758 0.0912982907648412 0.514284565598937
0.0380869228892304 0.0743713203876635 0.483488327498856
0.0460285472618254 0.139044110064466 0.603671937101523
0.0834590604828162 0.280761276465576 0.941280269717708
0.0351995004400582 0.119329848505984 0.482436075487018
0.0620327938036756 0.187274917002437 0.82074041010678
0.0575227890607854 0.113254437939701 0.726318681943045
0.042530032775949 0.141400425666441 0.53181035963075
0.0403078770686179 0.115963232586991 0.467648730960399
0.0911904635812839 0.329478191394807 1.12780714938528
0.127819012038947 0.414017260663038 1.61748274379638
0.0621028453535233 0.163914493193221 0.875051260084452
0.144223659200842 0.370517442267637 1.51577093430752
0.0408874374011678 0.0877265515458826 0.539874967302372
0.0792153611278685 0.142528039972668 0.934981303574201
0.0357006406577608 0.0777034387176324 0.483464888545009
0.0247211771975713 0.055765773309559 0.350740851624019
0.0581689610463594 0.194232204349728 0.693765412371165
0.0580535577366247 0.178816045561798 0.822473893651805
0.0312813601083279 0.0830386308488865 0.463434296182577
0.0618763978557928 0.241661585795791 0.740114790220135
0.0483935202284378 0.132400411553076 0.70560674390356
0.0443800632352803 0.088892308184963 0.568602942185018
0.0714117504033792 0.209085065918112 0.971225570049384
0.0822717698923502 0.254435795570038 0.929548002200879
0.0609589404691921 0.09969933639623 0.62287778825874
0.0262535710463408 0.0735589408284075 0.363296472057264
0.0623083455002085 0.186931285888902 0.848781614864288
0.0503085821041285 0.145523886235486 0.559935834391254
0.0647620441048881 0.148341680773601 0.847889513433534
0.0494705694544356 0.157006678612411 0.724875790561025
0.051663110737956 0.184663602791747 0.609274748325001
0.0588674193141825 0.141284857880205 0.716526533887873
0.0325199741156039 0.0747130446207812 0.439601831262409
0.0370194885094233 0.105067682920879 0.52787138943194
0.0896415678810743 0.295807815102178 1.11100166263517
0.0522510224995467 0.179171833223884 0.708812156686528
0.0328317437272349 0.0739679018521248 0.453797112426691
0.0352407332275279 0.0669367141119098 0.438429410124773
0.0476015644160276 0.109893168488644 0.674491585458528
0.070115234281075 0.190305498435876 0.720917759301082
0.0626148498101926 0.190997927464405 0.826893807458933
0.223348490236917 0.845865050522555 2.17216787564543
0.0282868563938377 0.0858179595479452 0.328737134734671
0.0704088344254446 0.139866086924585 0.856891499366843
0.101095471251919 0.281521253968736 1.29824931517415
0.0296712085445725 0.094936067388425 0.440454239741555
0.0774986429457504 0.14318612557619 0.902588753048098
0.237306708213277 0.828727389243732 2.25451760295493
0.0614274246653096 0.17888952656557 0.852887027316371
0.0254888173460573 0.093512331223487 0.316189140041965
0.0485216097107229 0.12381943359386 0.626153457953913
0.0463950659687835 0.129852457357207 0.684516757688908
0.0370289846798344 0.0768481688624892 0.490135033517418
0.0723621162677978 0.157144114106052 0.865815468184954
0.0366462790528541 0.092303526654174 0.493779950961484
0.0523892470949243 0.12922120521466 0.58941196160493
0.0542833564863772 0.190328425998339 0.703092696318743
0.0784535892883678 0.207111571244329 1.13288740488424
0.345651385279652 0.941343248466745 2.55355415730089
0.037073428505219 0.0742533498420866 0.468256669020202
0.0345716212260053 0.0715043550846182 0.455801350516077
0.0469959564240213 0.147432668267817 0.673329527346386
0.0716010997658907 0.196934277281642 0.967090176318017
0.0635045063709537 0.208574636296402 0.819775465587592
0.0801873816016393 0.251756135885081 1.05061242615266
0.0525450957929242 0.17068919810752 0.72988210610091
0.0285308681268636 0.101848965981297 0.390323946557591
0.156002495882696 0.301584581307786 1.73057545143167
0.0352910147463596 0.111836647320957 0.479790121110632
0.0631618905719571 0.137071316570423 0.820177975168174
0.0517862489652808 0.125766184500822 0.702656747255846
0.107724915024141 0.328906120653281 1.41569624473242
0.0337373170507611 0.117285185265627 0.446724643098867
0.110431985300824 0.334924895917421 1.47923086257595
0.0204759642031341 0.045945409282866 0.257714142786442
0.0511506353827931 0.16425289284179 0.614609083506575
0.0413814505046916 0.1286460869663 0.503660009797899
0.0910678431197838 0.208879389312449 1.21035594516472
0.0549556565207002 0.193320869734432 0.733156411465825
0.039142867990382 0.0816378192125372 0.458460921639948
0.0440403068085545 0.1087805059584 0.630796359168265
0.0569941558843315 0.174406086059198 0.68784606595771
0.0372930033500115 0.119602140391202 0.536516021757691
0.0407579595924041 0.122678891913806 0.576184260467688
0.0401321344625642 0.0984760831224829 0.57580968417363
0.0444492305002463 0.118356100477035 0.660883292972097
0.043352340733523 0.135686472534069 0.548977954314463
0.0743465860343385 0.237192379656218 1.04584920977938
0.197642221605171 0.324062051337454 1.80416318516832
0.0721014290676031 0.147439587149489 0.930544863113936
0.0537657018457834 0.172020129441537 0.770080830811624
0.0499265969407141 0.161938652620013 0.712408183197452
0.0318095372978481 0.0823321185193406 0.413555674230952
0.0247609259472695 0.0862400892795925 0.325154997885389
0.134621251098674 0.334721654549184 1.7223596240603
0.116614428080869 0.26857585690831 1.50755567381236
0.0747809694333584 0.123359737364725 0.769906554357541
0.0493910017369908 0.0956434071122283 0.622424341966981
0.0682537633109081 0.163237664942682 0.934941991204491
0.044120186144787 0.112888870251594 0.534097168748948
0.1536653145431 0.444113801858467 1.86263215847478
0.0305085613123396 0.0977680600827657 0.423361379000628
0.074155451585209 0.215045685703544 1.03763694235802
0.0658557095352621 0.217306339802194 0.830607025427028
0.018242310947131 0.0490549914925518 0.25955568647961
0.109968686687742 0.267066630358803 1.42136625955564
0.126117436768857 0.419069573062163 1.62985296040019
0.150849849562678 0.455244511270358 1.73430074192122
0.0312569236776229 0.0686574906701625 0.423761743998676
0.192536473250095 0.607110923313737 1.74364614141981
0.033941493333489 0.0879406090669102 0.467149281853331
0.178975334317241 0.275207044472158 1.53313641922681
0.056847365233225 0.168412271215957 0.796782198287224
0.0518048239419458 0.128162539708501 0.742773250938309
0.0425808145368187 0.118582941189871 0.438358565884582
0.045685614082007 0.151757001285244 0.652834477871147
0.0972090972712022 0.207053407162776 1.26175441578931
0.0715217495108129 0.200872464563244 0.948629608688837
0.034878587618631 0.11263016462848 0.465508196324634
0.0289436687576567 0.0651909068189255 0.405709559540115
0.119701361883759 0.281910224515564 1.53957128853903
0.0902561097894838 0.242238630614768 1.16503264571004
0.0648599582262573 0.165764577371345 0.883931982763756
0.0557333071372209 0.181593350592526 0.661742320013409
0.0491543491943642 0.143998318008569 0.492220133346598
0.116774896098963 0.295901003750838 1.24194357595947
0.104614084295868 0.256403117786307 1.38305244578828
0.0290468035364823 0.0999887729128764 0.357560969068855
0.0469158304805212 0.164108570478684 0.571575788869428
0.0580502433252514 0.119778739855025 0.746614131284949
0.0565508355551989 0.13527311582502 0.805259779889152
0.0676622642510462 0.115417455888892 0.721580510962262
0.0578485640978126 0.138020894821213 0.787724986346204
0.123899536917832 0.355364563222433 1.60492158602782
0.0368342251681182 0.122371681334886 0.397996785819474
0.0196905675788628 0.0407320476894413 0.254300122551037
0.123386765597707 0.361461718555583 1.40733968904522
0.145211072903029 0.333092301755486 1.70032767230484
0.0323841814078011 0.079270926793022 0.451962114756563
0.0463150138833012 0.0974286008616988 0.585315583977843
0.0426045036696335 0.105589738621335 0.600484174748272
0.0478583949591051 0.0981003169902633 0.627740259440242
0.0357416746069864 0.0939698644450231 0.369221296087698
0.110136733807123 0.287297030041078 1.2852752670624
0.0675899016174892 0.133906833472965 0.802026196757803
0.0472587308183062 0.0854391675567625 0.553792772673189
0.0579563312429943 0.193143021695364 0.789779490581783
0.0169777828089866 0.0409546663092256 0.251925019065506
0.0654969270299218 0.145819923263597 0.824985589940188
0.0573623854951444 0.181479083406429 0.637840974039469
0.0907697103336161 0.165385738045156 1.03617823173587
0.0373184567567712 0.0872161061812964 0.492957328838866
0.05105900808386 0.11378103757912 0.635404452978485
0.0976946326765014 0.187008620266256 1.15829905932389
0.106270428972623 0.327283279759208 1.41825611889363
0.0269143084946555 0.0642521018415862 0.335208018299514
0.032089928108391 0.102528207232612 0.445810918174748
0.0494330003544286 0.144174495028013 0.626050212475653
0.0440245960968344 0.111432643739806 0.637328720966732
0.0384292118848462 0.0783275139970678 0.494020215688844
0.144607709075237 0.232298406114497 1.37961148961014
0.0969577972349166 0.310763913004359 1.22330472807509
0.0412622616157755 0.104715301016825 0.455106124170442
0.14939885609224 0.550362799724855 1.66009019304842
0.0506659672339385 0.121795322161998 0.656360598308629
0.100127000880261 0.238634177510889 1.33996863560203
0.0935695105607635 0.307348205517678 1.20199579654188
0.0716498310257385 0.243345819118953 0.928725326166484
0.0399368515722311 0.115944608800744 0.559059267780802
0.0790129853949924 0.162183736920981 1.01094440343031
0.0370101064393186 0.104821085044089 0.48665804739126
0.0669643199550333 0.138838907140334 0.865262033229135
0.0738007303269543 0.239619429940407 0.805071042894835
0.0353415124138237 0.110836685225271 0.501847208704695
0.0814597366228781 0.227116372978018 0.93940362571719
0.235228258905834 0.87660073189557 2.23509171433932
0.0971787490607358 0.309531936229536 1.33059556613492
0.143463506790011 0.340964774077152 1.53888971429918
0.106814295438553 0.205581093162136 1.25035877172115
0.0280174469367546 0.0603257975954835 0.379027041069168
0.0926114019994177 0.302491013471615 1.19400213686912
0.0658059507081924 0.224262737735671 0.931900217417261
0.075682045713821 0.16651398453851 0.92862455290158
0.0424752592242263 0.100006736915364 0.530120672625074
0.378434187289304 1.04126674272334 2.47549691824626
0.0471420265559042 0.122013543977441 0.667482174452786
0.0617364037325503 0.205763755136656 0.881183443727162
0.0637113695695876 0.172603791181823 0.908997169294733
0.0350203998335129 0.131107741228964 0.455032044036231
0.0198599276053184 0.045604776836982 0.265885705667844
0.0756376373958011 0.240919942949352 0.998411120509824
0.226547008079019 0.489270736214662 2.28776932041135
0.0467976786212403 0.0963086594791389 0.575548766619474
0.059693907337319 0.115511542413887 0.74342990849643
0.0249358241022245 0.0557136821117072 0.35738065222233
0.208403076164562 0.542664116254498 2.1259617198751
0.0600025776329015 0.165236136720905 0.722232101335942
0.0548424067791361 0.0948924745272188 0.609263360431255
0.0768215974511557 0.174333688847379 1.02243459680078
0.145603998075762 0.567311365826669 1.67711141353946
0.0896098842199433 0.310156021847126 1.10904785524718
0.0257851349826639 0.0840538450592416 0.372698530707039
0.0432557345718216 0.0941563614042625 0.59307503319914
0.059998944053841 0.12576004366609 0.7928291471602
0.0398536111777991 0.125357514779424 0.558953093169224
0.0572762821393153 0.170257302840105 0.766599815197254
0.0466116097920782 0.111102697662303 0.611544192483805
0.0685155805121335 0.137051377248619 0.868552036833711
0.0407050290580766 0.0821283443515795 0.505825141956026
0.0464023069495633 0.100217948945359 0.567579616632278
0.0486429002118708 0.096819582583575 0.593283864409345
0.0953574480882142 0.332949560341026 1.17575072251944
0.0561751559396892 0.132549433941188 0.701481961285565
0.0432931054996834 0.105402917320544 0.535913111549675
0.0386381613398533 0.130998481894644 0.518313184950758
0.0351975004029119 0.0892020691525646 0.507359804119696
0.0504684679527029 0.0847267519665236 0.509717489265048
0.0270198468929048 0.0941707922332934 0.343085799122936
0.0566036878393584 0.135670816237899 0.801150677313582
0.069644650620241 0.216176986819318 0.90532093438349
0.0558907111704666 0.124236799606451 0.713940703304406
0.0411713620262587 0.144441740935837 0.503928384545116
0.0544060676837806 0.147391599162777 0.622840102727775
0.0686271950762724 0.141705736842112 0.836000777427059
0.151085863973191 0.432057825446609 1.51296874695359
0.0944233997917733 0.33894217144779 1.20112581841303
0.102716452602696 0.311375765144552 1.2102670800277
0.329262170407358 1.17116413207919 2.52691953264391
0.0423392072483467 0.114775699945226 0.592616981344424
0.0254667428635814 0.0491986918574679 0.318049179737932
0.0455281668967832 0.0886470263385856 0.55816131119015
0.0391988420699159 0.0865909409324516 0.538237823368436
0.0742906569171096 0.158632978731399 0.936083294538686
0.0342145673235553 0.0800691371028724 0.489094165157501
0.0907560169010283 0.181119996018532 0.990873224830196
0.0259896555779227 0.0780004817959963 0.382240770794011
0.0735995657580254 0.191003753472005 0.91207338181319
0.0532481701350083 0.0986713217961156 0.625075585346654
0.0840010478293194 0.195243513056396 1.1237679844873
0.0400122063390178 0.0813279681582899 0.516620856063674
0.0512691014182081 0.139356828518814 0.649266753595659
0.103441979588071 0.351569181609962 1.28176847926691
0.106531160710433 0.178348903315164 1.07564289445456
0.0306904265059909 0.0770178888553908 0.447385494258597
0.0515006900626883 0.108829944194683 0.652488192833623
0.0614908208509758 0.167211298494748 0.748302719062816
0.221219515579865 0.754735159729394 2.18919845634791
0.0768443357105335 0.269792364391072 1.01235155629948
0.037475769486988 0.117768005473131 0.521184902850339
0.0621413954002041 0.187713065320553 0.751237430761325
0.0673303637088864 0.154978665581026 0.788388924777766
0.0340619320106968 0.102392486180213 0.467623187343079
0.083968799388574 0.173044546068744 1.05171407973805
0.0680969393517045 0.233944710334811 0.825972186537817
0.150209006413998 0.433125250518538 1.81607444750233
0.0690978860653382 0.146485153783546 0.786161225361112
0.120466071610284 0.21504584246431 1.19430674944688
0.0298928304547602 0.0928618541406384 0.314224783595363
0.211118236824888 0.665279902542893 2.22131450121668
0.0868148620579939 0.29123581093806 1.14891074303237
0.0352264556728698 0.0906662391097132 0.514519728118948
0.0420372278124784 0.0974754910344008 0.57903241736653
0.0773580033205096 0.121974536770819 0.759551580858196
0.0526137864074044 0.180628244126114 0.641509312579726
0.052213066599791 0.144997794286968 0.718208351432585
0.0723845563504314 0.182153459311486 0.990541246896447
0.219681962546666 0.633935250072398 2.23241407752507
0.0978579987986435 0.224582768437372 1.10052969491849
0.0484483774483155 0.16501703347019 0.612614934534503
0.0232974217449272 0.0478394311897585 0.295550399953852
0.0563456502479112 0.150768495272162 0.747657209827145
0.0584984866852888 0.211229521210485 0.715312960696628
0.0261095410976932 0.0532171439929162 0.326277611395261
0.0311653003648999 0.086772089829693 0.342666245778861
0.105699231815444 0.319810957152223 1.41227330844768
0.0260473155222196 0.0674368431761657 0.379694816115353
0.095350996960448 0.251510110006148 1.0289597101219
0.0344392679585248 0.078308507293984 0.487206380182554
0.0614098654841938 0.193915634919197 0.757151361673813
0.140451695480963 0.29677500142066 1.63885891795798
0.0537500222169469 0.139020774666355 0.767179411184958
0.030652952584198 0.0893591293934245 0.434306883594457
0.0211120037793035 0.0655493348391897 0.285721311560216
0.170124224718155 0.47023529536911 1.95977649047013
0.0825870610918568 0.177267683228409 1.08520526299646
0.0455358137291311 0.113312501330288 0.616338585584201
0.0485498254554384 0.161682489865359 0.685549519795372
0.0490371988935486 0.10615957552456 0.619823479137894
0.0724536918257454 0.203111729113984 1.02244654948213
0.0796994927993973 0.251171214838789 0.783381720611078
0.0572104028619905 0.109709961675561 0.692731751501299
0.0427003334823886 0.0875932278779256 0.547677625502801
0.0505721631889139 0.120057467719461 0.674772096915082
0.0259509282846044 0.0547024020364565 0.34094195450258
0.0481252202845803 0.141358345301662 0.675670994876858
0.028312365566029 0.0767118114464194 0.412072744620414
0.0691399162117885 0.151483700788215 0.894798624077095
0.101469791227227 0.201402073707031 1.2292496838673
0.0484109183479558 0.0798366865865513 0.500282195005593
0.0568364639042582 0.103933384712175 0.668083116851481
0.12066389243511 0.265960238207614 1.51047387681034
0.039741394153131 0.0846577218920987 0.542828824110379
0.0533914932613313 0.129584749367588 0.681563947929997
0.0741561691174182 0.170600112724828 1.00357759386737
0.0927811891158123 0.314912208912461 1.16291416034105
0.174401147058835 0.613099649574166 1.9014011504825
0.150336550508637 0.277985254510036 1.64323860996726
0.0476754975665273 0.161641563069904 0.649306980647871
0.0383529531719774 0.124591529578768 0.551749950680403
0.037663249780636 0.0617946022615483 0.386300807482174
0.109529190770515 0.302282492991809 1.4366951711061
0.182638039375466 0.576259157522509 1.93922702308766
0.0807794260838292 0.255524069829153 1.03603322032134
0.107450699733336 0.170637190717228 1.04643151039945
0.0708428808059431 0.235479959633338 0.788792134556782
0.0749973188091866 0.232138015327908 0.767562019759032
0.0676558357450634 0.119554157126387 0.763811974458731
0.0286465771659372 0.086198786264355 0.421505511822901
0.0801603452485601 0.146012934923887 0.945323639636498
0.0740108236682969 0.231473878546983 0.975541249444316
0.0473056117346974 0.0811414931898361 0.530392589764938
0.0612292880302918 0.113257469164413 0.725687037360463
0.0426572811528954 0.0895527599089821 0.551130352586772
0.0274434106099672 0.0760890153232055 0.371438801829687
0.024328859954822 0.0413055602361075 0.267754111087694
0.0879278191325697 0.178517983136218 1.10001061099373
0.121913256714086 0.252575057918971 1.502614404268
0.0664546440167728 0.126451002401746 0.807491833566351
0.060225714713815 0.169999615821455 0.852490752449979
0.0695474532062433 0.214924337298075 0.948367416996152
0.0636292020416833 0.202809693941869 0.847689174481711
0.0370791717135689 0.0757573981561012 0.47593185829485
0.0499276953342218 0.124510494680275 0.622283161610114
0.0481703518530911 0.0942427180471508 0.609386264700387
0.0770181887635771 0.158921781687409 0.959544252027718
0.0871681847843802 0.232008597109319 1.2093277545007
0.0396049119695303 0.125721740610917 0.498056220421265
0.0442364149252225 0.0805715776795798 0.529909181764111
0.052701045606314 0.179652955236255 0.677536684261528
0.0477256740558975 0.0862306743945052 0.563387901288883
0.079969402709226 0.242355954304318 0.9571906530657
0.041073537278342 0.0821501678954927 0.521997967424012
0.151188413634172 0.364825716941348 1.78610889509755
0.109978751989483 0.353235536122612 1.22881293966507
0.0361351842208399 0.062585333426648 0.403992882635116
0.0508365445956106 0.162574783181819 0.703720862790936
0.0395299322039559 0.0976597036073792 0.542762771671432
0.0519912575245823 0.182883621948133 0.675108579219751
0.0518682685441507 0.166046179879799 0.673324917826141
0.0330392247313687 0.092905347375349 0.444206718018799
0.0554256644832872 0.183257414940365 0.767030487193303
0.0340575332651811 0.0849390699433964 0.486064164230123
0.0751157846621109 0.187874570180088 1.05051870741767
0.0820559193722234 0.167053209110636 1.00309277068589
0.0979084227364281 0.302590492544325 1.31926411885475
0.0627697371946992 0.12116080047388 0.762919618706205
0.0332138335263005 0.12255833657305 0.446301974259053
0.0564290823752875 0.0901556794751526 0.552810481690397
0.0364410784772416 0.0814625114481512 0.499651756895903
0.118780890375857 0.421846752129129 1.48364115055299
0.0606069446980604 0.136328279610345 0.732791937937018
0.0411051814355203 0.0949948959871285 0.570706782665482
0.269458297419504 0.693340983168253 2.39334613144893
0.128768520972716 0.279387731428577 1.60642429360441
0.071683053587623 0.21738379669056 0.728323620367181
0.1113122122061 0.210574559135438 1.17426563729038
0.0264450607280827 0.0882996063482147 0.339217808707712
0.0238183026617497 0.0770886026863632 0.329004444741413
0.0420143422297098 0.128407556239905 0.463445057664746
0.0371649129429715 0.119306647313476 0.548013743545321
0.0530972309820047 0.0871526240475093 0.545072433614176
0.0229569046634871 0.0763215128558541 0.257293347657809
0.0311506232518142 0.111954598413746 0.406072094603914
0.0773512372228207 0.240795497020411 0.999246424834522
0.0264166682536467 0.0921444092974811 0.370439198732043
0.146237198032293 0.43442686855678 1.77191962869065
0.0676203724720926 0.147047443522996 0.904211233262458
0.0547127520168935 0.102976749925879 0.68498311592767
0.0414334044110486 0.135253290117546 0.598225721481669
0.0410868758613242 0.0967829198995268 0.579713825134599
0.062290515205952 0.214773859258697 0.811195334042075
0.139647965429552 0.534862335053712 1.5713976017923
0.0548560454404321 0.19375848538207 0.710573077786499
0.0888475049018706 0.216583854233704 1.17856256199491
0.0834599491700019 0.157649266438904 1.00155646427498
0.0515319457584945 0.114935801722842 0.70075441947919
0.165974925287589 0.447958706434599 1.94000708251757
0.0342087576484582 0.109585080047816 0.507089418561428
0.0308334524819453 0.100966481961248 0.364224462727014
0.0563055895828773 0.191327566987413 0.658469237740013
0.0648192765335232 0.151786475822881 0.766044301828132
0.0520070521901694 0.12751433475937 0.736849421221859
0.0630201676846456 0.123828898582098 0.76850501203344
0.028092290725859 0.101042497370296 0.373814959446009
0.0945327876177003 0.276866429136038 0.874705686226845
0.0568189729892877 0.184652089951466 0.762888824449069
0.122941254706189 0.39370062919011 1.26411532023291
0.043851418068639 0.136693014768887 0.496348646815939
0.0601674591267919 0.131840257452506 0.791992918873226
0.112855371021981 0.397607404531807 1.27052341285134
0.156086460450723 0.272883639413458 1.57287896001277
0.121161302447025 0.373427710911749 1.59220821297039
0.0400332170489678 0.116823814709165 0.52991096914184
0.0429811191252013 0.0906145921413952 0.563661155126432
0.047928102377483 0.13759608024492 0.59089818527693
0.0509849870892583 0.154579428398066 0.696963266019958
0.0468405927926767 0.122679655945817 0.69242172926438
0.0654167520088853 0.198733152770826 0.850699625783488
0.0342975332058871 0.0645506793615896 0.415568526333199
0.0382848361716559 0.0854818485376017 0.525908768592073
0.0512714503167816 0.102242088072948 0.662914579247925
0.0412006739859561 0.138918823701995 0.501766808942148
0.0991309172274046 0.377776439903187 1.19950475250609
0.0356837267186871 0.0704436737451986 0.44309305959044
0.0315909575219761 0.0921371899280273 0.461701791495282
0.0634264818277227 0.140399127306272 0.83549922282476
0.0525439317260127 0.123395918080109 0.733309328686074
0.0420659206003319 0.13147729737215 0.619345718363536
0.040242098109377 0.122551089527912 0.408897227033185
0.0661196322715113 0.122631408249054 0.787593376008505
0.137033943747477 0.469206447177977 1.70125355006418
0.070988563940555 0.111374650059863 0.67993000534356
0.100579203532929 0.169173338256698 1.03461522726827
0.0564895972262216 0.125700875472364 0.733368700462667
0.0750273039893962 0.179728420219477 0.983974930571496
0.043299447256929 0.109262832833402 0.622934138165645
0.0999002715383487 0.229087565869661 1.18989853847134
0.0870690801264384 0.236574179694674 0.903190798194759
0.0343203490300311 0.0673798727481124 0.418339492524112
0.100674417131123 0.223374608497054 1.33231262043733
0.0398151304448734 0.123665691751375 0.590950886138925
0.0303854283330812 0.0769559659294493 0.445624034358578
0.0473150980949981 0.175997453131235 0.620987809707059
0.106603940607164 0.197522106595174 1.16448230978515
0.0292283580678776 0.0696383774565313 0.421879148176436
0.149610553222822 0.48949051649707 1.58294937613276
0.0455904199114096 0.121850869201936 0.468862893542149
0.0430267736275751 0.085662415123774 0.529078413287063
0.194178577154707 0.517361899417324 2.10900597997363
0.0380354909118181 0.0956751981730222 0.524999245349838
0.0589306388073847 0.18722060182952 0.647405548061626
0.026901030184637 0.0843715921512259 0.406416055543731
0.0396294718361757 0.117574548779812 0.568280588656504
0.170655845813457 0.516304548034136 2.00883613681278
0.0657975093324603 0.157364614194397 0.832116603949904
0.163316653665898 0.332605088533838 1.75288809967721
0.0279887413665966 0.0913902418842455 0.39511347387563
0.0299648147476884 0.101892423222642 0.416532269351217
0.117407767194181 0.252468808509553 1.34525988732021
0.0976170650422033 0.21864822022456 1.2773658023283
0.181970137311358 0.287037455553727 1.58092549375655
0.171482444178477 0.263656061076898 1.51292192428737
0.061259657006706 0.113635485827201 0.641389251259175
0.118523642499397 0.267604918137596 1.33834353199027
0.293318875962646 0.928794749056675 2.49241351949927
0.0503978118900241 0.110208010653137 0.691491832949428
0.073593255975666 0.141786231172318 0.873491778478765
0.0618850533102645 0.163272269821163 0.912893827741604
0.0825790317583196 0.141486284320075 0.915580244040307
0.0411202678177693 0.137216257473959 0.543654412820191
0.0638297666305337 0.131511482515739 0.81046272744284
0.18457504960309 0.431663475632821 2.01302370968793
0.0569031319792893 0.123982046185591 0.773108567505935
0.0878312282877091 0.162958383770811 0.978605874664934
0.0360617139849101 0.0798910731162283 0.474552684715308
0.0355152523768276 0.0832959823815002 0.442812542556925
0.0493021167076261 0.129571587618111 0.519856194902052
0.0547499210999797 0.181866296076677 0.636279018221587
0.0465838773758023 0.112418443410753 0.601805281634104
0.036892639474104 0.113709860618207 0.542159654510564
0.046528473610678 0.150345798919596 0.654587295216806
0.0371967975087331 0.0718949991353563 0.472333417252397
0.052613425793445 0.102730706769256 0.656214613933296
0.0751010757483754 0.181608931376568 0.908934361244057
0.0476040431677573 0.14556761338618 0.550799686723139
0.0724966264046839 0.213765937538058 0.842415994767792
0.0452419664460384 0.144415739775819 0.616736668063752
0.0627426801720496 0.183412461111313 0.817420623749015
0.0919303289733467 0.168537771919347 1.03753153060775
0.0543024759385004 0.172616936303422 0.768349448445172
0.0464253939399154 0.155242694602381 0.627658727738474
0.0612255314586731 0.201670632427075 0.879045709758274
0.0318006300299615 0.0755346775437584 0.435548905921572
0.0580095380922351 0.181222697714731 0.798141399232377
0.0442740347109351 0.162606270967086 0.551135561187813
0.406132947197538 0.927707690363706 2.67308103542674
0.0446085638258154 0.169065285174565 0.576982944576339
0.0352816874344633 0.0959396377779893 0.478294894627188
0.107669993448817 0.217848582328008 1.3153501568378
0.0583775937667814 0.160561530763133 0.740395061695543
0.139090858372468 0.405755382537695 1.71188829732994
0.0712496376525766 0.226350508588001 0.75156092500324
0.034564721110749 0.0938333320465859 0.451564957621772
0.0516801917225073 0.129689191295508 0.612730479150306
0.283216167528931 0.440140087541063 2.13409159844027
0.0382746706567818 0.10009742375421 0.540500665287085
0.03890656212788 0.114627282501676 0.437760993283182
0.0484283968131892 0.124038934663392 0.675823404895688
0.0415796764216702 0.0868744279086117 0.530302574288533
0.064455531789562 0.216368773563179 0.832743549776754
0.0974210779047571 0.293206567364594 1.31238093366204
0.0875338438187284 0.264353393854487 1.14640984879595
0.0614032091305256 0.117607480740995 0.709288933965673
0.125166261309524 0.301273632154958 1.5621756620579
0.0768387335837723 0.248894919111116 1.08204166619968
0.0182249590772589 0.045098056265896 0.262549204733444
0.0768276108829558 0.152824154108672 0.949873079715354
0.12698937568324 0.259227095837584 1.54869042482494
0.0273203919106333 0.052545912352178 0.335524786377864
0.0334175234451448 0.108504639628299 0.481299432616046
0.0525616910808952 0.159579559995811 0.773029005031091
0.0445228499781562 0.148158419927309 0.499518471443441
0.0390312281643166 0.105323444236796 0.528483070352464
0.059750537111238 0.188556909764936 0.843164880880109
0.0526502689792281 0.109907669799056 0.647068957027324
0.0603046310323645 0.120360422495321 0.730246976425388
0.0577251726618618 0.111277060322965 0.699466186295212
0.0944038622100681 0.245474631375828 1.28993744154345
0.125799603201011 0.389275634024343 1.44952445282526
0.0633585285330747 0.101593033060962 0.645571641397744
0.0373752728449327 0.0716696881587068 0.46959057683672
0.113459871157085 0.377064602951512 1.27669400589203
0.0349231993612971 0.113825000890643 0.43807788784804
0.0306553273260066 0.0998155022531902 0.378197093337971
0.0633943258609839 0.158186265489971 0.831573180701505
0.0703529710365195 0.216265431982424 0.882378156091115
0.0937399788268755 0.194104097039232 1.14342298495447
0.0509264134153482 0.110460457199685 0.653442059458858
0.0358514822650147 0.0929951186196876 0.511390527903412
0.0388012875116148 0.0992695356610925 0.569356931353105
0.062041365833257 0.192195583692966 0.692543434841255
0.0374712097646675 0.115302216708901 0.487088156948192
0.0410712272014598 0.125896405102982 0.476357866964641
0.0321942118734296 0.0794051031905221 0.380806565084384
0.0865861163386642 0.253434385514947 1.00754789078512
0.0307860923991237 0.0966765687548665 0.436108405407005
0.0925136117541898 0.298514077817624 1.18267196957604
0.0476841272507839 0.152686167622056 0.530619660987915
0.0654315624263756 0.199368271242938 0.735127758483268
0.0383779177695366 0.124552369441807 0.546829458226132
0.120145407195269 0.191108191594243 1.12344461348691
0.0521093305505159 0.160952730944192 0.670686096248212
0.064731204196163 0.117039528417314 0.746774643655949
0.0667719311448702 0.120826664779218 0.770934525907407
0.0191337665349944 0.0626369029728627 0.272554933319014
0.0319077528084089 0.0661045149670808 0.423613383523564
0.0368472282712724 0.0981629740250827 0.503102165896014
0.107730822394579 0.297784507336602 1.36175711381018
0.0595109716851076 0.117171871979991 0.730715894681677
0.0680749314803969 0.208646241835679 0.70792132906373
0.0347968024818581 0.0709587293675965 0.44747651475336
0.120622309569917 0.239204260028457 1.36122324711503
0.0469686163728855 0.137818211691026 0.544702285876723
0.0437001977232366 0.0802404531094731 0.524815830112835
0.0585641822110142 0.103574277772164 0.611028814640869
0.118629710631401 0.414014284403695 1.36903552025401
0.0705120680319728 0.177060176133839 0.801782773273359
0.0798702328873116 0.231722504587757 1.13535073201237
0.164556238870976 0.49897131865394 1.92551506511657
0.0289155644735644 0.0473543569431114 0.29998632833833
0.0491151763650229 0.128839024591778 0.708038747496294
0.0353830436605417 0.11759902462787 0.412960375592366
0.055800819757623 0.217429097547013 0.679979470126898
0.0548986677377798 0.105526584996844 0.660958113984383
0.0784021705773055 0.193794070735204 0.870488232904814
0.0607004719956512 0.140955258375531 0.780991776239988
0.0286351695417047 0.067958211638666 0.396022519432934
0.069967799042048 0.110931582802006 0.661744309558086
0.0477864803236478 0.109314194986874 0.613006280436288
0.0380065862198153 0.0764292327331237 0.49867951772013
0.059640110409328 0.122952593100929 0.744563010156018
0.0735324383217956 0.259046373979013 0.975973269727491
0.050597293547947 0.153741213822021 0.625287693148061
0.0470285453796436 0.103322848568624 0.652776973165607
0.0458572559451938 0.0960049788730471 0.594715152995988
0.0989909001824965 0.193457488444211 1.1691323066244
0.0528178368093271 0.147176501323872 0.691262060411606
0.0513734172122305 0.0996285241912459 0.653182841420275
0.0461675277214168 0.164942772633678 0.615710027685782
0.0413638091443184 0.134274326084577 0.556916211754929
0.257928359606433 0.523625866824541 2.33807317757846
0.0359502578177258 0.104992545698164 0.478168079553821
0.0629098791214748 0.221411472148995 0.84088693998258
0.0549167046529075 0.14954125622792 0.789648072549623
0.0484670639298415 0.095072768789731 0.621518299501675
0.0209268363468166 0.0579497317072388 0.289903447170473
0.0431526598774071 0.147144391347799 0.619090513789808
0.0526595193677602 0.131298201961911 0.743917188933315
0.037106901153385 0.0709198560312528 0.464177827883594
0.0803074587402331 0.1766307832667 1.07243891707493
