0.00335371351161713 0.0550755203800122 0.58982796647265
0.00331003575086721 0.0372379740101293 0.567706103454867
0.00195678117940889 0.0191092967279366 0.365588583234375
0.00459081833013513 0.0651129609499596 0.776896532387721
0.00310092528703851 0.0321087920413632 0.53727153381717
0.00418719488397052 0.0541205435395523 0.70478219763629
0.00455397722252359 0.0649901396824341 0.774217598361802
0.00418290145119546 0.0526395604121811 0.703299534427295
0.00286998830863879 0.0290023486808442 0.520611733264386
0.00278594252788236 0.0538201070796453 0.496260546271509
0.00342119031743222 0.0485591640521946 0.580559313119966
0.00445491804133168 0.0449880518203558 0.765617809303093
0.00281458000054797 0.03759912139843 0.48299253918297
0.00326747868463253 0.0367266795785143 0.576034148800057
0.00223040969870727 0.0395761219280703 0.403630487407445
0.00267280272152326 0.0371438556567872 0.455515401446343
0.0027847686160157 0.027172375370216 0.488021329873953
0.00304305892484634 0.0363223982375503 0.558255622251338
0.00217819747201244 0.0354364587109697 0.375786172756762
0.00324084022472342 0.0347733794757452 0.549126923028613
0.00262498275385268 0.0282775610910569 0.472709531788512
0.00300446180478756 0.0439417957031681 0.517123828275744
0.00289083552176376 0.0375394655847274 0.491580063875796
0.00282202435026285 0.0277956617123201 0.461046077777877
0.00461096906016402 0.0429935704861237 0.818021506266566
0.00424449024615343 0.0812208100574227 0.736470670100822
0.00388737725840021 0.0460568592775314 0.728409710462224
0.00364858861344314 0.0369148275136976 0.652760185143089
0.00338155829386855 0.035067342119577 0.601540195353624
0.00252519253014714 0.028326900538957 0.44723384805656
0.00484437978687495 0.0724492684386052 0.839004093671542
0.00285863341857555 0.0412919205532717 0.513240217469444
0.00354934947278548 0.0362595624040418 0.61641307453429
0.00346315647212661 0.0359431554883936 0.587183723233642
0.00239656963159374 0.0230681321514893 0.377554633308125
0.00301372827337297 0.0336553350239521 0.545850951218885
0.00355675016415479 0.0407122571903921 0.642084873115272
0.00234878109635365 0.0235377781369138 0.418800192780111
0.00337407707502523 0.031885078458481 0.605342745498662
0.00504029319437725 0.0486903366427329 0.84924719614572
0.00269258895344618 0.0326790339926932 0.509648497596242
0.00320850855076798 0.0302619697182075 0.557460941758504
0.00499655200689246 0.0961292154107335 0.848787982505624
0.00243815319774196 0.0275874559112205 0.4713489404701
0.00334798313723097 0.0400142291832323 0.601370417478608
0.0034279530976197 0.036208378736803 0.600164847151174
0.00447624899479661 0.0672889307878514 0.778463214538612
0.0027147545809199 0.0311142488160785 0.489095650584438
0.00223157171911364 0.0211940498822804 0.394327554733365
0.00314791434264777 0.0385110837124972 0.596627610093818
0.0039569029036605 0.043471333697773 0.678537869933414
0.00343326202124725 0.0414784828843148 0.578581718813192
0.00182705397455269 0.0264229742679818 0.326519154181136
0.00512031046905347 0.0742870806194666 0.885209075341763
0.00288160660165576 0.034869321179835 0.508875462875095
0.00224109633761201 0.0266283218181518 0.38885956486175
0.00366663682147562 0.047821693936697 0.618744455377399
0.00497346931839027 0.0520935392090035 0.802589173466254
0.00314765528914896 0.0318318500258363 0.545297776856693
0.00242242156751643 0.0331419080774124 0.42082835828626
0.00259646206142362 0.0265005526629679 0.461884044798131
0.00328321802540833 0.0355464863440187 0.608995009953889
0.0040993817361781 0.040035594031275 0.769401125307429
0.00195996474448002 0.0223402831024827 0.37469079969342
0.00318258916288667 0.0380695265882502 0.581523275881051
0.0026526840321383 0.0254423470147365 0.442113690239348
0.00258060502628907 0.0262743329369807 0.462430875283445
0.00339721590601542 0.0344693407283731 0.532992915870331
0.00302450966751221 0.0287946801079513 0.500088275381547
0.00285430477719785 0.027641017904922 0.488527286003414
0.00241476102840702 0.0239925893309697 0.439117567335264
0.00269862225202482 0.0344364918088745 0.477216396659806
0.00299763365764361 0.0311901003840996 0.51341399658151
0.00426737418553139 0.047995151235286 0.700773498769746
0.00344263899816695 0.0292673679857317 0.575206002237798
0.00275591247355558 0.0305272396656986 0.476801906475352
0.00301864431302542 0.0378547839673529 0.548054724085594
0.00223155428599509 0.0260959423212485 0.400217142865724
0.00257657620444799 0.0237838340876831 0.453659735316705
0.00275525709985733 0.0296725924423842 0.445853579634555
0.00417018627835516 0.0495953030334937 0.714040620091813
0.00369043500468482 0.0419532662478631 0.644273836257351
0.00203285096466575 0.0207461300129009 0.343531218980851
0.00292111133331442 0.0412198743272433 0.509131481699717
0.00326518966872046 0.0462441209279904 0.611562664569721
0.00293893499406418 0.0300375479132072 0.521598953860015
0.0032485105168563 0.0422780078682153 0.551532143013618
0.00246625867696869 0.0331467356936964 0.429802329158651
0.00332664450510573 0.0292363345367769 0.571248271781496
0.00282505859998946 0.0357458352288447 0.474048875428334
0.00344722927682043 0.0383344805766844 0.618456718139411
0.00261131546116783 0.0287545663419042 0.464293265669678
0.0034221602756295 0.0380040175153472 0.591001183271748
0.00324102159032775 0.0364198576651517 0.560266918723982
0.00261304838762021 0.0299798301138291 0.457235326479554
0.00240921079990503 0.0250908412521255 0.432721020009165
0.0032994584331154 0.0366323328973599 0.552580106764421
0.00350546549581791 0.0370058445213746 0.599932139536301
0.00342053331825592 0.0342052008389094 0.591810481989195
0.00295609722867458 0.0310819281999131 0.48323014003204
