0.000215662414825556 0.0101452347391731 0.492364229087259
0.000203100083289479 0.0094288230608772 0.457925341435711
0.000182775013982373 0.00957255496358952 0.415548504550152
0.000222394533484353 0.00960870672258477 0.503456631427761
0.000219520915983465 0.00927108501533353 0.49430633077384
0.000201776996442317 0.00883937247501159 0.460598033752765
0.000211796913759495 0.00895660866774077 0.478802431265999
0.000219117546743719 0.00994689501481277 0.503822902139856
0.000207447724906307 0.00966093133667761 0.46314477928597
0.000281263671637594 0.0121144855468715 0.634496426925355
0.000238093088213833 0.0127802400949915 0.555374530303972
0.000229128813910246 0.00982248993647961 0.511562326132701
0.000219006907880336 0.0108747414057135 0.496205732706452
0.00022185313855992 0.0107141366434412 0.523856864535503
0.000217487013699257 0.0110767009756856 0.491706909652301
0.000230708096043371 0.0092742880643253 0.522071319178183
0.000245311099117901 0.0112560016156142 0.55705488808677
0.000242840893923664 0.00954269848960243 0.550686808785172
0.000210262695888422 0.0100872672338056 0.485877297431021
0.000218160782030658 0.009285568711128 0.492823808421162
0.000228339919914314 0.0115983730803163 0.51284608727942
0.000237137280955286 0.0100521073684445 0.535186354638956
0.000233691773220051 0.0103315787415152 0.532981248386919
0.000245738317571338 0.0107157054573693 0.550843894146381
0.000223361920767476 0.00952693529510632 0.53261990614677
0.000231033414655117 0.0103832258592674 0.523793607173145
0.000227545305610506 0.00907368237935199 0.521282399831481
0.000220099413518402 0.00990423081972156 0.499792837061103
0.000213121095400905 0.0100560352332166 0.491987225237405
0.000231790066436578 0.0101193790756184 0.520094328373979
0.000228387154800843 0.00944961651283291 0.514570075443728
0.000260149489181384 0.011616916465455 0.58656635271918
0.000244606117384421 0.00992168116703294 0.567173807898024
0.000230752848201755 0.0109215778853277 0.528101310198735
0.000242646637279267 0.00946644321922645 0.551452122526472
0.000208628590189653 0.00884758840207295 0.469272262674409
0.000241130988004064 0.0107584851189613 0.548388380988678
0.000218583295519725 0.00899381481299156 0.494834471108758
0.000263696711375818 0.0110763952543208 0.598417505580433
0.000255302715647327 0.0111572465981911 0.57641098882718
0.000221829804633017 0.0106032819472954 0.501779038969246
0.000244683241123155 0.0134923788837705 0.549809064340949
0.000262861761452595 0.0109902053340673 0.579411854749261
0.000201947588918645 0.00941281116947175 0.457255939527936
0.000202851173890486 0.00970883210577164 0.454569236336795
0.000240244106803729 0.0102666468481927 0.539526368340026
0.000257391182588387 0.0117325829397493 0.609482584349744
0.000221018297004421 0.00974787142910141 0.506536851052264
0.000177263053023393 0.00822935809358434 0.402450237323914
0.0002328158215531 0.0103052383499528 0.532161773898979
0.000236674947832637 0.0110018063249028 0.539858829971704
0.000207578446113182 0.00926428704043142 0.46182812684059
0.000200940630286935 0.00958598690512092 0.463592619359047
0.000234626874226357 0.0101373230565479 0.538645710635609
0.000200955298774648 0.00939873349584238 0.462900929257056
0.00021962142192972 0.00996576019861034 0.499652408372359
0.000204066164301214 0.0105048217472588 0.463602879788448
0.000209849164566663 0.0105408030880211 0.475593724668887
0.000217398555196361 0.0100900992168189 0.492417151802224
0.000232122876170392 0.00962973653171313 0.533414444105237
0.000266866034607194 0.011613808296323 0.609738531577404
0.000195266792985133 0.00884433030977138 0.445818025047902
0.000258827558504494 0.0115928113503914 0.583800372776509
0.00020468498552138 0.00950943004933718 0.458588389057205
0.00022585559784082 0.0108662666272327 0.541538982505396
0.000227288191391293 0.00878864040010789 0.513516327832339
0.000207298854570722 0.0101544881124228 0.479739417861873
0.000198684219599765 0.0094722439552638 0.455053086714297
0.000234505135521388 0.0100993913235134 0.528418975351022
0.000284212516337139 0.013626100794488 0.645454003611568
0.000258522580129025 0.0106480304323655 0.595933907629353
0.000211896239573788 0.0109362502682236 0.486084383565225
0.000260280729737062 0.0127989346653066 0.596462701526295
0.000273839441854562 0.0145375394428011 0.61864858954784
0.000226323752223377 0.010728960661588 0.515977738363465
0.000199992353946643 0.00926028056975108 0.465179777811772
0.000196280826362046 0.00849029649493638 0.452149890448991
0.000223146319293031 0.011328296210428 0.504316872161884
0.000208290416567252 0.00980598460356798 0.466601153803414
0.000233827557346559 0.0108849830725925 0.536104821072956
0.000222188541506479 0.0106786814198834 0.506745823991325
0.000221777602226292 0.010127393670767 0.510466494550517
0.000236757832005797 0.0101731167702412 0.531084627549248
0.000258783267917318 0.0110222971083205 0.581342463273567
0.00020550821559107 0.00913188186886756 0.469340832037788
0.000158454172314169 0.00686382009350707 0.362934239223128
0.000176999291514133 0.00747318123089124 0.400122287188546
0.000211837488325656 0.010699850436123 0.492567667119148
0.000249810184483261 0.0121479203442785 0.552191205628553
0.000191713899097625 0.0089345227894512 0.442681342464765
0.000238166704145056 0.00981541987809838 0.54151116485878
0.00022438449665968 0.00938396350188258 0.519936079276193
0.000215378513437091 0.00876309373656081 0.487865056814685
0.000255928467160048 0.0103162711822369 0.581788276248365
0.000228232029625643 0.0117913637987045 0.517411373190934
0.000220741702703431 0.0116361561816396 0.506907679387131
0.000233284982771223 0.0110889276565533 0.535816275586489
0.00023555008766155 0.0100866744505918 0.541574290336744
0.000295884924361248 0.0125882085246475 0.682600781158645
0.000234398624432363 0.00965662518765112 0.537042377166484
0.000215788078186711 0.00920740823555757 0.487464883204995
0.000230935757406859 0.0115491271601048 0.537693688918472
0.000255268189280799 0.0102774443487353 0.57815347330122
0.000197812162551327 0.00938965980758089 0.455887425652348
0.000191463936064919 0.0084020646755151 0.444805567737995
0.000215799281044512 0.0102916011720236 0.490614209187066
0.000230786437017344 0.0100906970231763 0.525807840386604
0.00023211922945495 0.0108738890128341 0.54154709921358
0.00022967551148338 0.0115574310683487 0.518360106973456
0.000218882886688579 0.00991127021731397 0.501123363220417
0.000214777035736491 0.00971888795646728 0.473601749215249
0.000247377461556179 0.0109763231868633 0.565762978769042
0.000255681246753414 0.0127131182547715 0.573831424633433
0.00025070227108369 0.0104343653292861 0.579826829005194
0.000219961730791459 0.0097598235870897 0.494336133873646
0.000210849702001135 0.00970552587120884 0.495077386669255
0.000252447739993135 0.0122745537095525 0.581609085300695
0.000246141674949972 0.0113583510837553 0.560713066758741
0.00022982689471802 0.010743002802923 0.520789925698273
0.000229853197277073 0.0113907846476936 0.522594629828362
0.000194644989391363 0.00915620018929255 0.443782415807505
0.000260685761987263 0.0114607848721876 0.587297652578034
0.000290487447528575 0.0141152032465604 0.65312820522857
0.000204434103826008 0.00929464944770636 0.470839994737461
0.000211619959218928 0.00912901239685447 0.487173292472824
0.000230162205933031 0.0092203076861241 0.523432371667717
0.000236816966450549 0.0110480484121586 0.545307005672544
0.000199883674589792 0.00904345789543441 0.455231592082118
0.000216464509210514 0.0104120054946321 0.495339290813716
0.000235669536098964 0.0101185009562686 0.545918353512018
0.000231660178257261 0.0102803343337109 0.530668346320071
0.000240347195958539 0.011209987786911 0.552289610147592
0.000226640807267477 0.0111564458391732 0.513968356983581
0.000190363934325594 0.00828504928896985 0.434373496245414
0.000210436259107276 0.0102012303280974 0.487049961996618
0.000268993608255372 0.0122156308068673 0.632154044732232
0.000165148933395955 0.00701839065398221 0.375339596356885
0.000220913093952283 0.00996888408297666 0.500847442909714
0.000268996763398676 0.0119802953432872 0.626420201336094
0.000233932215411106 0.0103963337473005 0.540116456426164
0.000197757291262322 0.00888796755344494 0.456164961794563
0.000221951613022244 0.0104113912972573 0.500777809083895
0.000201969187920684 0.0081145556285142 0.45497123856591
0.000291392366454446 0.0133095648356737 0.658748315158657
0.000208995985172329 0.00944991130105166 0.466016835591089
0.000285824710539898 0.0142932338048097 0.639282087982652
0.000188194213750029 0.00940903287334826 0.429442374793448
0.000258753542553432 0.0137850698020744 0.587290176522989
0.000220708468696812 0.0106821242359336 0.509880021072023
0.000238375917968885 0.0106003240279229 0.533208049910836
0.000270097836182456 0.0125758516658753 0.598689062644952
0.000195680355701764 0.00883293662178797 0.449676792979501
0.000213991220448758 0.00983501102764877 0.484803733443106
0.000277065414024636 0.0103209998509053 0.629079780052417
0.000260182265923869 0.011958393547485 0.59805148829997
0.000238056363847474 0.0117892959546132 0.534449791510316
0.000218061065508578 0.00909241527406482 0.493943653420485
0.00024287617779858 0.0110479572439728 0.549357278257945
0.000251702964116813 0.0120600374687902 0.58841117857681
0.000263387635507092 0.0109878601579697 0.591235825630589
0.00024487796665464 0.0120771144862684 0.566396357889478
0.00024478587628392 0.0112256792816125 0.559074535915649
0.000197913892846405 0.0085211304077564 0.444914056692152
0.000275168121634238 0.0112457026294962 0.649013229436233
0.000241595642875295 0.0105428090351396 0.539843219440226
0.00020580974750299 0.0094987358057979 0.474131822860238
0.000239580408945868 0.0106970329281993 0.54824174786336
0.000245820025677371 0.0116347804768722 0.559130838789463
0.000210979243993608 0.00976751207574824 0.469564331819669
0.000287763505098123 0.0135866848829099 0.657053536827878
0.00020624136960068 0.010397338670426 0.465755873566839
0.000190865469119738 0.00724969061838614 0.429654439829247
0.000194849333269469 0.00992063537961734 0.45939656936896
0.000255288884694361 0.0106456759898012 0.563751530363161
0.000217004233475202 0.00884951440956999 0.489187929784086
0.000189494256931902 0.00880984566850421 0.437904166580819
0.000247279722479494 0.00978696797720246 0.574822003447475
0.00025556444874852 0.0131952498901886 0.582725306831837
0.000210439124505673 0.00880398591623494 0.475325543718318
0.000235385921311862 0.0103294115976843 0.531983700157974
0.000183130150814357 0.00784164417880506 0.416666396726121
0.000269072021560613 0.0119259648930198 0.621146011898067
0.000223901360160972 0.00984337013955442 0.50878584059776
0.000278021926484134 0.0138381937328451 0.638918316265956
0.000208004773438857 0.0091369692600029 0.476096486724463
0.000253706331406069 0.0105890113162492 0.57385426675403
0.000187811944759744 0.00828270362511876 0.430749463480186
0.00024550890131685 0.0125845654353741 0.549649029938375
0.000191935272734134 0.00786156244375277 0.43842807369133
0.000223176011454241 0.0101207431655002 0.528933212041672
0.000255687274551445 0.0114847575461805 0.588436481710209
0.000245893659437866 0.0129636151885475 0.567707683245451
0.000230182866099317 0.00919353831537339 0.51747862422502
0.00021503653820493 0.00968949795786939 0.49184600659518
0.000283282768511721 0.0132880495294515 0.633114823421907
0.000214270581670149 0.0112376082291237 0.491284618472203
0.000240512850919823 0.0103822984010099 0.547088453115492
0.000226547952701022 0.0107981898038243 0.518312678654231
0.000210820466384184 0.00989151206427302 0.488144477604884
0.000195647927954512 0.0100938317684192 0.445994029608463
0.000251791274788879 0.0108817281411457 0.581935574065012
0.000243949858155125 0.0137913651406164 0.559553964902687
0.000205782658779887 0.00945354041678841 0.473150972683357
0.000232365391315323 0.0108621102917181 0.540746787759348
0.000228898515546899 0.0116484679355612 0.518668629715888
0.000242753867718516 0.0118338168718385 0.555841972168595
0.000241801109080809 0.0110684831497395 0.545299074567595
0.000203620270792623 0.00936925356040027 0.467329659846267
0.000203449094998631 0.00930321810821213 0.45599593855087
0.00026321266474584 0.0116255531125848 0.601707229697968
0.000251445608575534 0.0138301102875055 0.553634687278238
0.000239287388753112 0.0112014775239405 0.555706126403761
0.000223018213701444 0.00943458685927353 0.519337797016851
0.000217275416404871 0.00991418635784595 0.499796227462769
0.00021897355222802 0.00986783550071182 0.503168819681676
0.000203570129827881 0.00941350542528133 0.463895681991169
0.000208327623163559 0.00928035206623623 0.487505574801108
0.000203088305085522 0.0101805562542439 0.456341397236449
0.000234740395755464 0.00986626866249275 0.544818962669117
0.000191020873221191 0.00891889741893624 0.44874831016923
0.000220574664501097 0.0093271244534448 0.501743603997472
0.000222891144054333 0.00946601568578906 0.504932676087817
0.000225024869966533 0.0103644550896908 0.508092282985745
0.00019596719001794 0.00967331699386687 0.446868057253488
0.00023639197425911 0.0110517933047646 0.545236378388602
0.000213991256948723 0.00904316272567299 0.481941598196635
0.000221748720289465 0.0106334627580527 0.511704788492269
0.000223483077561383 0.0101354106700701 0.504323047549295
0.000229921013540173 0.0111524283165128 0.518484369973691
0.000218661209738626 0.0103427841729094 0.495759725509565
0.000232106438493811 0.00869974324314733 0.523100718674263
0.000237012961723655 0.0111921460358917 0.54834541085957
0.00019919937709034 0.00899489826420127 0.44761743868895
0.000263721250173327 0.0134020520486386 0.603424271498147
0.000215932390861221 0.00926153496967048 0.490027053891983
0.000239974845249023 0.0113430453847786 0.529151459412458
0.000235668333866586 0.0107259375321333 0.533529117506709
0.000255789233478526 0.0108294210775111 0.585145318705764
0.000203383201635134 0.00934746631968059 0.455240014650329
0.000237658264371564 0.0096446157177894 0.53873799162213
0.000209505804599572 0.00955043190266257 0.47665524651057
0.000224646698014338 0.00958339107298265 0.51878971868171
0.000282748436494236 0.0143298827503219 0.638446832339036
0.00029789579240055 0.0135096357489916 0.673756847963085
0.000202591768713846 0.00842411412324575 0.460056019909602
0.000217742269720905 0.00952089598477823 0.503578093147579
0.000189693904696502 0.00867469926773273 0.426212843781514
0.000221704013560687 0.00978027921551912 0.500922900581226
0.000193190079217444 0.00778695778741407 0.435140922308021
0.00020213343942098 0.00884848512684871 0.451553474996736
0.00021469125762759 0.00943448053852872 0.489613682971966
0.000215622824901901 0.00796887911375991 0.482625091175259
0.000271398021416887 0.0114813579499957 0.617150454925787
0.000192247190529535 0.00817158540762406 0.437631616314498
0.000289731431912352 0.0130702368790204 0.661983880653855
0.000202013285076422 0.00893220915333934 0.451155770666101
0.000242001612943999 0.0104305392637568 0.537806692065926
0.000223719854703194 0.010113276155412 0.503775287517018
0.000210431241513737 0.0105687094402903 0.472264163160877
0.000214663505293901 0.0101408718208253 0.477306593833087
0.000209128202609725 0.0082752403927913 0.471618982748366
0.000230694713807535 0.0111011501466716 0.526992454302141
0.000251259609047064 0.0117377334916176 0.578299326018795
0.00024302442817653 0.011029609989532 0.552244185420794
0.000207227275812249 0.0101346626708072 0.467265557158616
0.000203962813264085 0.0081691330724627 0.461366883952646
0.000191994106499553 0.00958967590353772 0.441686960806385
0.000220451899034099 0.00931568494779546 0.505874543343284
0.00024445758032097 0.0103639759659522 0.554601871665125
0.000249839058800949 0.0115347083536578 0.568106323244242
0.000203829499396947 0.00910352934675927 0.472768689967509
0.000243746105504199 0.0109700023908359 0.551081237837557
0.000227384968969875 0.0100871066165455 0.512411782923597
0.000201611279280979 0.00918106664560306 0.456711954346358
0.000181984142423246 0.00801453418662595 0.417368058153054
0.000223509688885927 0.00988951227734245 0.516377234466782
0.000262474938948483 0.0116544756443626 0.595764049266457
0.000213932578249212 0.00977921177776043 0.476349025837122
0.000242201404220536 0.0114743947253712 0.553714498386253
0.000234823357338694 0.00968120614214789 0.528539377408548
0.000222551838384964 0.0109763155591695 0.503078698469297
0.00022410529308198 0.0109413002503243 0.51469550733794
0.000233760929951238 0.00983863044376918 0.542998965516042
0.000211014247394191 0.00980548040862851 0.481207235886159
0.000283098355351443 0.015129697720185 0.637973105851661
0.000209679340658487 0.00959921066739295 0.478960100488285
0.000221488569736808 0.0116155961156426 0.491503269580623
0.000221602065113665 0.00886373665739319 0.498870835703541
0.000213054693112089 0.00934764828278255 0.491647074177264
0.000230038091223702 0.00955033404141534 0.521626522158459
0.000227655880064476 0.00997376746872195 0.52144040553626
0.000187020529197333 0.0085789864433009 0.425283841327279
0.000217615080986362 0.00924812589766634 0.503996265518101
0.000194311394157558 0.00983786250400415 0.439423358095597
0.000244633609786002 0.0110272712996076 0.559639282723281
0.000200302854834059 0.00986147500479135 0.452506948797709
0.000226719398743073 0.0106976445259812 0.518442968393668
0.000251795705162408 0.0110042444011364 0.571602929827593
0.000216339135931695 0.00998359652589754 0.486514066373677
0.000200977740503693 0.00965287963488274 0.459942726115017
0.000230706150558282 0.00909852636790817 0.515725295167123
0.000203185663070386 0.0119389946435083 0.461590904532932
0.0001866594943528 0.00880453072137091 0.415461295154658
0.000239012296707616 0.0108875589610524 0.536557104501993
0.000232084994002147 0.0131522304085855 0.520210979842677
0.000271999770783387 0.0119804279832861 0.60882946244133
0.000227568587066708 0.00985069661380142 0.523195157308835
0.000183425052745636 0.00893148438483237 0.413721756392704
0.000245038198682148 0.0109000273916742 0.558485604408739
0.000213376033118231 0.0106826129673885 0.488478130716048
0.00023604589390822 0.0103455705897973 0.534439167036635
0.000258251693078592 0.0118863195162443 0.593949244910673
0.000231352866864817 0.00962097376597216 0.527920292360452
0.000243379057142223 0.0107744442293176 0.556063178940581
0.000194695175070763 0.00794199416187063 0.450017917150371
0.000189456052741582 0.00928086180882607 0.432899386168792
0.000250868356850429 0.0130206758638427 0.561158671743557
0.000200945164344103 0.00876982503472971 0.459078716732944
0.000304193415755611 0.0133649885819756 0.697555863583167
0.000220217105324653 0.00969135941257075 0.48765109515196
0.000228426966125362 0.0109984696398643 0.532626863107894
0.000195760900585229 0.00895533771832936 0.449748641136618
0.00017615957306955 0.0076049745553371 0.402405934945368
0.000214789692472785 0.00932436860683977 0.511243567285895
0.000223114589434819 0.0122895367008224 0.508683360133467
0.000245400341510307 0.012674448063454 0.553400220423489
0.000228169210443952 0.0116321206921189 0.52351761310819
0.000186689112531886 0.00836398063095925 0.416928417387138
0.000202839142574846 0.00875673346658891 0.454417001204464
0.000189989448393569 0.0078048600618731 0.434404349957247
0.000219185321382894 0.00954730770071204 0.495506794986597
0.000234877660173491 0.0113561720787206 0.532089905168033
0.000207672886196101 0.011932248990977 0.483762371099646
0.000191190365143198 0.00740272576965559 0.431379692062898
0.000224782514094057 0.0112563326216466 0.522040614743651
0.000216226544328712 0.00988686641169546 0.496019228905233
0.000228741825449542 0.0113423088797136 0.51996615092908
0.000193048168325258 0.00810224621319808 0.444242612765151
0.0002548209351664 0.0104962448248761 0.576154581656407
0.000188253754783487 0.00902891926297342 0.43776090387379
0.000232079209294827 0.0100323987414721 0.519673151630921
0.000231120968218798 0.00952282837540968 0.532328421427652
0.000235877288976957 0.0125367209994532 0.530709394971367
0.000237498689070674 0.0115052234610866 0.550061519620785
0.000171553151733823 0.00713027367714646 0.384724482825008
0.000215222974977408 0.0100834568883715 0.501470384276779
0.00020135002046322 0.0087494964382286 0.456290132195303
0.000231392890851169 0.0114333286903028 0.523258209978937
0.000214751609597638 0.0112727317156217 0.48995379616215
0.000187161595911975 0.00983509398719377 0.432204335221854
0.000184535540765738 0.00789694174080293 0.415452105139801
0.000246925724127759 0.00977935337505099 0.562465163995918
0.000213513936429986 0.0109717668448325 0.48813107292639
0.000241039274069041 0.0112266060801561 0.542862822766383
0.000233715481071991 0.0102523743221126 0.542500943560105
0.000206778488141526 0.0100506320982298 0.478404200654345
0.000249017065331098 0.0115864948248163 0.565373653348266
0.000231766710110324 0.0103636507543151 0.529333830669942
0.000264572196104723 0.0140255656481881 0.599623248489698
0.000221444461081536 0.00983057995601284 0.515256847857335
0.000246659731624118 0.0105951738548046 0.553412687143459
0.000213935616309733 0.0104922359399093 0.480094273143258
0.00025665952622169 0.0117413273943023 0.585250115130917
0.000228437217877607 0.0109844023230516 0.520902774973945
0.000309294655043204 0.0139805025718104 0.70381243210973
0.000206299595173756 0.00939465952948181 0.474240560807898
0.000196965645285631 0.00846432002856757 0.451882248839523
0.000193960703055303 0.00958827643221353 0.445506378263516
0.000222412355670002 0.0100945909535906 0.50304863859311
0.000233870332328213 0.0106632623972728 0.522988180078366
0.000248616887365407 0.0112267139408375 0.562932661018655
0.000224562978311297 0.00967314340461756 0.501680041272196
0.000237387912966387 0.0101976747547882 0.556453579739219
0.000235304263387717 0.010105977855161 0.535921142152755
0.000177343094468369 0.00780754980394071 0.40261001804099
0.000236089249636795 0.0108832233422264 0.524310366031936
0.000275576612789653 0.0144360012316734 0.623128199847311
0.000204174515116421 0.00852387507956885 0.464561246488387
0.00023775110354657 0.0108911505539952 0.535324918333713
0.000216207096826177 0.00904309485216972 0.50128481440232
0.000231946365360889 0.0105868247797673 0.53807717057423
0.000219640683378728 0.0110287366395735 0.494369663093611
0.000211434635654184 0.00952100879190526 0.482725841383618
0.000190973851064248 0.00836070909964989 0.429902965877633
0.000196444771796089 0.00868290657055195 0.450714401919721
0.000265176127704004 0.0131536104981508 0.600375922649129
0.000258571656273317 0.0119535131944621 0.574412101648081
0.000192007425225556 0.00763809354616086 0.4413069779637
0.00021316736103478 0.00937385988600746 0.495543087826215
0.000197667141549202 0.00897415872777933 0.450868267041044
0.000313786745392467 0.0144398776974374 0.702164113645322
0.000245979807088039 0.0120964233174271 0.541986605988565
0.000212879720510247 0.00905722103024891 0.483392613320783
0.000207208753481798 0.00884236677039642 0.461617232751645
0.000272114428798402 0.0118327195889766 0.63791245224399
0.000234759387259802 0.0119444648790925 0.52690990252198
0.000201637270472179 0.00941765297577356 0.455536011382955
0.00021649588158679 0.0108157254949549 0.504297734353619
0.000236469369268104 0.0101288642748304 0.54269987768974
0.000302687196594845 0.0128629090736994 0.705898415306525
0.000248768339534046 0.0125654072252306 0.566102152801099
0.000221645116174388 0.0100680092134778 0.503832444508926
0.000209380383216555 0.0108105345813879 0.486840517432642
0.000191232715740997 0.00757240205235752 0.435975371817353
0.000243241984275426 0.0111516541804498 0.552398927027758
0.000257037483073305 0.0128942753659263 0.603467685725512
0.000231875648478374 0.00993868891430049 0.521433982367493
0.000222811784116519 0.00926444300855443 0.514340833402072
0.000219731869734861 0.00986189044043495 0.500065909401867
0.000200863871481194 0.00910328204177268 0.468007399132148
0.000213626829053693 0.00944725449461027 0.487087804067649
0.000229818814736561 0.011353202515264 0.519156087693945
0.000209927787852166 0.00939753356923327 0.460627304351584
0.000261524018277079 0.0126383555876443 0.603541268586737
0.000221943830462575 0.00897124584874468 0.507421073871734
0.000171841661834933 0.00750164939865588 0.388879666575269
0.000235160235479834 0.0107027291559269 0.530073824530483
0.000257089983755496 0.0127656758335791 0.581459874150213
0.000239741290821706 0.0109542914475049 0.541535809889905
0.000245948652066761 0.0122982585810195 0.58166162158241
0.000237412546092957 0.011409438174707 0.529946373850123
0.00019987883045664 0.00906987273909614 0.470956941390445
0.000225067971366741 0.00931229423778735 0.50745537226301
0.000211089024907501 0.00900067707116892 0.475636241208149
0.000205204109780392 0.00909398294924481 0.477438807545131
0.000231110219192335 0.0102455982797865 0.517241967713798
0.000253272850272442 0.0119234472841516 0.562701349340411
0.000231468280089161 0.010675010628285 0.534410058242457
0.000231143102436577 0.0103457148565448 0.520402912364972
0.000257622345312259 0.0116780089424303 0.579340770620348
0.000228842554057937 0.00976527393522072 0.519390197672788
0.00020778998708924 0.00864096079133532 0.464997034549207
0.000260092591846862 0.0131514719484361 0.593948227025702
0.000194200244501517 0.0090751363372283 0.436752834784984
0.000178543872873335 0.00857721939177193 0.404612467279994
0.000250467065535754 0.0100009210720416 0.561748340376864
0.000235302960280801 0.0111594117105036 0.533919635514743
0.00018286769924037 0.00844810278491412 0.403501559780964
0.00017957580290629 0.00755649742600808 0.409064780452754
0.000227876353828169 0.0118832679005431 0.510475508791535
0.000208859069392018 0.00910383508787223 0.467033452469129
0.000214343524040774 0.0104478423511461 0.486816733341694
0.000197867436828463 0.0108888160920962 0.449139000146709
0.000252608696840714 0.0119986818651866 0.56678990082414
0.000252027788289303 0.0108790973268404 0.571138846911383
0.00031402262281246 0.0132120126694224 0.696974554642118
0.00021241630430657 0.0100086304144058 0.490401308995411
0.000231004709556165 0.0108018231067575 0.503345966218967
0.000242761876084144 0.0114497853501863 0.542676161251345
0.000236404206151255 0.011632746940752 0.547959315757529
0.000290869091275151 0.0132522679941548 0.642627956118591
0.000226161617188872 0.00914081531858401 0.503331805680768
0.000236804621798016 0.0104556741226574 0.538100259023717
0.000256585225459058 0.0124197993721349 0.586010350371144
0.000233714622941006 0.0119433942388021 0.53622937398537
0.000255347495151498 0.0111772452940735 0.584327469537695
0.000227259494761545 0.0121978361532797 0.505112133854059
0.000198751394722814 0.00926172136566198 0.45879569397646
0.000247124829789703 0.0106231422815333 0.566517935132542
0.000219766921638987 0.0104139328711761 0.505191957181986
0.000242046729824739 0.0117177438737523 0.553094330860151
0.000181627051163132 0.00868114152242192 0.420254985728942
0.000204980795362522 0.00840139772336226 0.465416616934751
0.000250725814425706 0.0106601840914777 0.563143465583809
0.00025030910368193 0.0113478872098559 0.579703955397473
0.000228758892434725 0.00956944946388958 0.513609280655885
0.000232195646934011 0.0104739557261882 0.532271820723332
0.0002272518863877 0.0107828803993812 0.525123979075675
0.000208936556844731 0.0106675143983455 0.474546395590539
0.000203966807366917 0.00885134872245735 0.461175291865152
0.000233437816247886 0.0111658981436303 0.518092858414516
0.000189944302275586 0.00844391877267514 0.433188380926437
0.000317815498061926 0.0144518426225687 0.713217339246213
0.000190365211070681 0.00897713973537227 0.438487311603013
0.000251248543646571 0.0133206639151288 0.580620507914319
0.000227124365335415 0.0123406764121528 0.519942452708843
0.000236948461743621 0.0103764121528933 0.547723277950981
0.00019009431969878 0.00798564098364868 0.441212078066482
0.000223788002694262 0.00966930363760567 0.509948667143621
0.00018225598404502 0.00829858333702164 0.414869100644817
0.000196288892300133 0.0096629151428935 0.453439813007317
0.00024532558496781 0.0110409034490752 0.561103880895689
0.00026669413046897 0.0103928409935594 0.591362523247462
0.000224309540873004 0.00988085593408086 0.510033043616321
0.000179680143829411 0.00831324468382771 0.411886182550518
0.000231245783890963 0.0094627191537683 0.514429101797162
0.000267442542164146 0.0125816672276558 0.626233734468052
0.000262463632637294 0.0127079278938836 0.592813123187654
0.000247966762287031 0.0124751016950692 0.562792212038151
0.000268425325075027 0.014461915001216 0.618804486750242
0.000212794739443231 0.00950125511782441 0.486778648388089
0.000223347485925659 0.0100376310123505 0.506452204087727
0.000226271559294226 0.0101206935374443 0.50777539005161
0.000206822652476048 0.00873287832291416 0.482072757989531
0.000219947123389523 0.00988811784325535 0.494731975950866
0.000220374901506851 0.00948001806682984 0.489961753579575
0.000292326705542819 0.0122854672609166 0.660687387072708
0.0001865595909479 0.00995159137544767 0.418962257982787
0.000251882333536465 0.0110730246380186 0.584361028548765
0.000262117834019411 0.0117517992422131 0.586620405088915
0.000215016267244023 0.00939338678494818 0.492170810868895
0.000227743572795668 0.0109164000768208 0.515325615502956
0.000278804893681881 0.0117839914365193 0.635681883906915
0.000157664422785731 0.00688712723463879 0.362980357822926
0.000260037375346706 0.0117939171678802 0.576589321236343
0.000217439459272408 0.00912336435769114 0.485053049275324
0.00026555513660418 0.0130195252168581 0.608058604707694
0.000183022435983518 0.00874687405499782 0.419734519589387
0.000279179331302536 0.0122265710988162 0.648895818798532
0.000208024165873447 0.00918666551494179 0.473074744635244
0.000311114763637354 0.0134745903163249 0.706980853622121
0.000260325036606976 0.0107078947093181 0.586368829702979
0.000232492168632115 0.0117833280592451 0.53937548055161
0.000197536473725205 0.00873627411957845 0.454441258024817
0.000184986410884335 0.008353306920276 0.417943449919122
0.000222061762931405 0.0109970059666724 0.49684272048796
0.000215096940081232 0.0110625323029985 0.491172359868418
0.000250081834973794 0.0105080200976001 0.561991691036474
0.000249096361123849 0.0106392668208073 0.582635649942886
0.000205774344385997 0.00924451714455393 0.467319002883471
0.00023669580215706 0.0129340823681181 0.530396953979365
0.000226053923534786 0.0100056646142763 0.512419365811466
0.000282540137843856 0.0118332849743614 0.631458556299352
0.000295459320312873 0.0126680357147068 0.667859727045273
0.000232640330345625 0.00983962877230482 0.525503175406355
0.000213724198831426 0.00986860575871535 0.507471117686633
0.000210244879651186 0.00995718885612596 0.476458285481677
0.000244676440606518 0.0105761809002715 0.549076755879431
0.000230528761271682 0.00979285208655226 0.523759295941159
0.000203039186947874 0.00997532031886882 0.464367833987061
0.00023013474462474 0.0114641892889924 0.527939220559238
0.000222153599555916 0.0121580653265361 0.501977729849659
0.000243045729982396 0.0100781071876864 0.5390380945253
0.000237520099980743 0.0117982390976528 0.543132958130889
0.000230287740870562 0.00965417450127194 0.515437481554893
0.000218431180677815 0.0103361792568965 0.506227163302188
0.00019392211633079 0.00744013889491951 0.450401354027048
0.000253326060950696 0.0108550693126827 0.576192886022781
0.000207064177790745 0.00968115678239448 0.475387582324521
0.000257426080339899 0.011041311274041 0.565616110179643
0.000216415683624324 0.00962872837760563 0.48476636111061
0.000236766867721873 0.00978697856138139 0.553180280408621
0.000232311673645726 0.0130699661217129 0.517235801293515
0.000285891321370315 0.0118251673855996 0.645183633051742
0.000259339902180154 0.0127063587570653 0.596253509128927
0.000201299925276499 0.00903607503683055 0.475432177066512
0.000181679502709673 0.00762915900654275 0.420612957357764
0.000217545400943157 0.00973730544935764 0.49764161577999
0.000190570571653435 0.00905795369224419 0.448529583782625
0.000265997703067425 0.0115013061590937 0.605967953375802
0.000231993937178497 0.00999390214844605 0.517848819056935
0.000246402267864664 0.010008423345498 0.552820704374043
0.00020167218779181 0.00944019438136783 0.461578091529846
0.000236232431938214 0.0103998443403085 0.531243908670292
0.000196559308859792 0.00790681763159821 0.456613888402363
0.000241520584226616 0.00933113596351556 0.549552861373641
0.000289771377339946 0.0114578060628446 0.64175205504764
0.000198011472132017 0.0104233900699976 0.443319131794425
0.000232657613810239 0.0101373369329607 0.536130941867361
0.000186167991671137 0.00863186288152668 0.420138218252477
0.000171693731592759 0.00810693262246752 0.390627312819627
0.000262465368985188 0.0124660057485773 0.58477056402979
0.000236619248183983 0.0101200783763929 0.530388801341787
0.000233474679277676 0.0118517337115026 0.529767716836366
0.000202329331471102 0.00826121057882285 0.45657999668214
0.000267998685247539 0.0135253101467528 0.596543739082357
0.000201465310502848 0.0105254779680733 0.457470411992709
0.00021079643782715 0.0119196311427787 0.476034196020376
0.000207669302140175 0.0114427258962487 0.472856714149274
0.000330530126669632 0.0167259126957521 0.740560488747093
0.000198432764120042 0.00921232734446228 0.450642783775819
0.000225915698926899 0.0114897925945911 0.523489314429422
0.000194754163137522 0.00968888950694032 0.447616228856404
0.000250432701301109 0.0105789039985568 0.565040634861011
0.000196863160698477 0.00867799943262372 0.448122110557363
0.000201130406967892 0.00849695750421136 0.45391336147899
0.00025418750905697 0.0131956149179891 0.584467696555956
0.000207338758888881 0.0106255781515209 0.475071695299451
0.000220846906883359 0.00956748625022429 0.508394745385248
0.000200797579088612 0.00946356535003855 0.45590735458233
0.000248312734833807 0.0103577689211204 0.570117717082411
0.0002575226334925 0.00962765085628798 0.585499986115763
0.000230472773040093 0.0109268086477076 0.526524428221639
0.000192464150500481 0.0089438537111527 0.436103180121577
0.000262664395849047 0.0130550245361532 0.601081167576081
0.0002101078381298 0.00970919414317477 0.477404087168011
0.000220397282008438 0.0105867885979758 0.482962612554577
0.000181796890009252 0.00830286744516259 0.406327518074816
0.000247958963511708 0.0117853489015968 0.5655238016825
0.000240536701040747 0.0131190260186219 0.536773038186019
0.000223248550939304 0.0105842265637898 0.519090430600731
0.000221436299653779 0.00975294387301373 0.514190521646441
0.000205401285538686 0.00937637896797939 0.465132119762729
0.000242715082015355 0.01029520561993 0.566022271351597
0.00021737477012277 0.0105497841888974 0.496523770121604
0.000301517425532394 0.0137292336211332 0.684738004650554
0.000194941557690091 0.00901711004217673 0.445801955445948
0.000303015738767941 0.0127890272472813 0.699870837495571
0.000223660733024184 0.010170602655933 0.51490205422043
0.000238155716425544 0.0106489417253826 0.551925484889409
0.000220616280921037 0.0101613287808698 0.502197552152621
0.000267271636482764 0.0127313739557322 0.619081995579273
0.000221517115880368 0.00947868754505582 0.498798719240147
0.000237388241204561 0.0112745496786834 0.535712848761829
0.000180984795499651 0.00862683801904303 0.412236084907034
0.000207850033642384 0.00879623546059981 0.465625320649714
0.000263144757523369 0.0116572686242364 0.5953050957313
0.000265940498958134 0.0132754934563496 0.613108542470911
0.000219867826803152 0.00931031613048435 0.504884800844028
0.000201493855291193 0.00896554604776768 0.458828685815453
0.000190917738445122 0.0085184708264783 0.455899452415697
0.00021733328743149 0.00972841882441167 0.487306893643875
0.000221254819102422 0.00967770492647996 0.500904322372731
0.000221241024509974 0.00941096733074098 0.49061461604642
0.000264507159571606 0.0122512942764853 0.586401971686621
0.000249103424094884 0.00983782489832683 0.559335479388687
0.000208206391503685 0.00988355237725866 0.481557577955829
0.000190682404131369 0.00878325521475842 0.435518743672185
0.000248161835668215 0.0104587858772709 0.561212968777627
0.000178737456399723 0.00759099945843937 0.411310670936611
0.000271016869148986 0.0125610394916593 0.620148020548751
0.000236344277307121 0.00964426685647345 0.536224629094034
0.000203912967750131 0.00992844044078944 0.466332600639779
0.000217737960559296 0.011450396129421 0.498088850197592
0.000275665625176615 0.0109169593709185 0.623444946802028
0.000272888547788498 0.0118492809139749 0.615080285561453
0.000180220910209082 0.00813533178005022 0.411100524526189
0.000237423273515072 0.0115226706879644 0.549190377777841
0.000278903488366173 0.0125377279312459 0.647006529567099
0.000184036080031719 0.00955940259400931 0.421129993580943
0.000205317065063725 0.0100139404461666 0.471404572745871
0.000220751733637376 0.00939600503696545 0.49092481103858
0.000226786519475409 0.00908411804783212 0.522388921236801
0.000225871727472648 0.0111999122592668 0.527734111814543
0.000246198320350253 0.010243522560451 0.54796645114413
0.000202004012869847 0.0102109960116832 0.460814136556337
0.000179249945654417 0.0085463058882086 0.398352713609835
0.000189579150647785 0.0087972166349417 0.435307456544659
0.00024662673345819 0.0103109100275504 0.55418206149209
0.000209587611306555 0.011348225949674 0.476275585146411
0.000247318787745438 0.0117116812407136 0.557961196745913
0.000255942778992508 0.012321776237954 0.581647673419334
0.000201261625906391 0.00869231436196478 0.453140878968635
0.000216673076380595 0.0105824157679591 0.491167645812999
0.000168570432137673 0.0089078392490791 0.372033452563859
0.000167188540557876 0.00731806341807143 0.379469404127569
0.000235438997899074 0.0122774691088986 0.541078936518973
0.000245026360692701 0.0113521888670846 0.547896629355355
0.000214137576197719 0.00864851406799798 0.491284284191376
0.00025638029989389 0.0110253321561533 0.577956451549196
0.000213517569965055 0.00980599448095932 0.500685835322175
0.000220720573083583 0.00945321152685815 0.501669388373895
0.000230405372939878 0.0100803015410099 0.533533072247122
0.000236492211165568 0.0105416533154124 0.545740861134845
0.000247744897466039 0.00993687226356748 0.555718379424477
0.000212524264965007 0.00916673695119789 0.480823247725275
0.000219872754058357 0.00936665525528468 0.492323055540585
0.000193404004711479 0.00968760119926091 0.452369178107961
0.000192197248086787 0.00881847892095315 0.441899265515576
0.000246111322835292 0.0125274454260574 0.560020738045821
0.000208937991154371 0.00951116928750073 0.478749077255369
0.000184843290743493 0.008229541358048 0.417006421382774
0.000193723393047228 0.00852301039556552 0.441817416530653
0.000248518906693238 0.0110541452855289 0.555071620159204
0.000235089973812918 0.00972297905084076 0.531861790521223
0.000207624384155258 0.00995352577762856 0.463659024448663
0.000218930320275285 0.0117300639020944 0.507356615030412
0.000257952667045296 0.0112602026004618 0.573739967213331
0.000206862848293951 0.0103018360300287 0.46835136250133
0.000287720894479898 0.0141202066282024 0.639533781998485
0.000230540897303353 0.00931376333785521 0.51520988945459
0.000215717750346381 0.00992224020523038 0.495305253127073
0.000270837247833138 0.0128803036988672 0.629927843937059
0.000228333538589835 0.0110007389114814 0.506342216070468
0.000225238258724659 0.0105204781312503 0.517351270778037
0.000187409346142366 0.0088861001187116 0.42849239099485
0.000266316439022683 0.0124702447680207 0.612654438061317
0.000184504762351757 0.00797284958302992 0.409711635810781
0.000203331069525183 0.00879594249556228 0.460614902107334
0.000212265396123659 0.0103279843995665 0.500958977483745
0.000233947972162607 0.0105569774660367 0.548893653268206
0.000222805166676272 0.0101052846889355 0.507999237571548
0.000242998032741921 0.0112980684755463 0.543920763106347
0.000193040242807528 0.00970803357182131 0.447192844866053
0.000245824040590769 0.0136602023668063 0.571474271930387
0.000231103923826526 0.0110797827353151 0.512125537413218
0.00021369923793477 0.00858157186231422 0.487768588693614
0.000240724537516451 0.0119918814857052 0.545851221008717
0.000200435147305447 0.00826992262432182 0.450043834700017
0.000201428567427862 0.0087693241734001 0.461932109202107
0.000232549761551067 0.00996586383843606 0.548364304356026
0.000246210931433943 0.0107288474236185 0.539939206511151
0.000180472905711016 0.00749283041492953 0.41949002062376
0.000214830702178792 0.00943672713703662 0.489564701688634
0.00024222753123019 0.0112899698828892 0.546420665647737
0.000229647573366406 0.0105405825318094 0.517450514551652
0.000218647724003149 0.00920463375726208 0.506024471918112
0.000241264487179187 0.0129721181609477 0.536780945039703
0.000215347076023608 0.0097230973480372 0.509087480313106
0.000204885379521305 0.00987644933056313 0.477619617911452
0.000229365643560884 0.0126240261400759 0.526261065908348
0.000204731316283043 0.00878628135696324 0.469273492313197
0.000155682101736312 0.00733581137022448 0.354470517430817
0.00022358492197771 0.0120353373382958 0.512740376448786
0.000200593927740582 0.00885488309218409 0.457987675516277
0.000191486654862396 0.00797932427961796 0.42619717390629
0.00022110497723471 0.01030395216671 0.496954983173906
0.000225283223744237 0.0112816441416455 0.522438751803526
0.000244224795132055 0.0112007806794554 0.558311075604323
0.000203261364367304 0.00935615664789935 0.462224040824724
0.000236713510834043 0.0116173951167901 0.545176772538565
0.000223547437985309 0.0102405163145627 0.509433438386664
0.000218050666473549 0.0102376175385964 0.490254948520452
0.000219758414919531 0.00944082890204125 0.50126323596716
0.000200676769755524 0.00940657879854208 0.44992250894422
0.000218268784729506 0.0111102175302993 0.493450820833613
0.000237426264806823 0.011020452824589 0.534757356263265
0.000268202165696716 0.011869366545833 0.591348054519574
0.000214457842626739 0.0098102203887166 0.484746740627869
0.000230039346372734 0.0108744688490022 0.530800366804391
0.00022922142236831 0.00991383675504904 0.516274698066396
0.0002090054295492 0.00917912823946106 0.478919161272976
0.000264554178564149 0.0111080990073113 0.601638095963835
0.000222501513563288 0.0106597642726799 0.524801306632741
0.000210658576576064 0.00957884911155544 0.479458805521981
0.000237000812856243 0.00915323185452718 0.533881749944986
0.000220089554365658 0.010796561176356 0.489574647711659
0.000263717710670863 0.0125053352622782 0.624292813796813
0.00021008223352931 0.00974599197080882 0.478621383875329
0.000219787052596458 0.0102645478268099 0.499467700446699
0.000240601879666497 0.0102330478111229 0.548967347350637
0.000202716958130739 0.00938675127950868 0.472741468437449
0.000215213476501893 0.00911909284732674 0.486842687067004
0.000194965491851134 0.0105327413005215 0.445182850237395
0.000241367765363069 0.0131003912495906 0.548547330867106
0.000168396420535988 0.00736052794010725 0.385111133918831
0.000214713532225042 0.00857968213215208 0.485532725777775
0.000209462509040113 0.0109326432199254 0.467965169014523
0.000216238644398279 0.00911888415554553 0.496262912359701
0.000244824428547876 0.0111204675744514 0.558987568456866
0.000243989147686489 0.0114428804883104 0.55225648047772
0.000199397886664299 0.0100614298634497 0.450556517432732
0.000291614667291071 0.0131712705933151 0.668443575971889
0.000222868093595839 0.00887191368276603 0.503689763544817
0.000245655980624395 0.010193939775842 0.5577302149078
0.000264610163733155 0.0117571888253179 0.603294008353549
0.000226373501825404 0.00970737469660529 0.521438288977305
0.000229969803165531 0.0103250305770562 0.519923146586873
0.000229411129398737 0.009631454490429 0.516699442589064
0.000230895025935801 0.0111911449678367 0.522632143155554
0.000244283883814097 0.0107898155870538 0.554824418997302
0.000216304645691963 0.00927047575753601 0.489744111008351
0.000237318141397208 0.011313753001416 0.544565091162413
0.000272590159760561 0.0136344462604735 0.62950116985395
0.000203539783823754 0.0102717985866721 0.461620561943493
0.000208433956171225 0.0102161445449146 0.483940235665704
0.000226480319060375 0.0104633759650227 0.516101692786163
0.000192536843310687 0.0103541304413113 0.450623644855402
0.000235663071326027 0.00979966341239294 0.524545624744967
0.000214498141950173 0.00940714707055895 0.483471302148364
0.0001925412063897 0.00833815762411902 0.437898932236678
0.000261228056713779 0.0110930863894539 0.584833625781802
0.000224659914017138 0.00996052221793495 0.499340012887279
0.000184386104956386 0.00828964534959826 0.420533842794761
0.000237031494958523 0.0104061844047322 0.537421676918907
0.000242888983182986 0.011600334328854 0.553383237440807
0.00024305090067166 0.0116336961344115 0.553859022462252
0.000164324045247783 0.00724216615579554 0.368697663279423
0.000214046875651202 0.00876956000132564 0.486157374017101
0.000210020152716184 0.0109123478131778 0.486219439607566
0.000230548350555513 0.0107685990948707 0.534348236846758
0.000222227416996803 0.00950795376337567 0.514915624434156
0.000201750434379495 0.00921681330339612 0.462550446756438
0.000218152848863969 0.00883358350143704 0.503368043581116
0.000212773464058269 0.00920023837690302 0.490733930875697
0.000236534228941112 0.0101922146335686 0.542024729113804
0.000277311257330115 0.0118280684705243 0.610246173392586
0.000236378887058825 0.01041045082083 0.53007450016798
0.000229020345472778 0.00895794781815717 0.524404143285236
0.000229890889716715 0.0102412267382585 0.519537894638874
0.000234706623268216 0.0107282975751458 0.5296457408449
0.000202682243220882 0.00822069161394035 0.450948410898024
0.000211685062683707 0.00837551473773827 0.474738131839967
0.000217468700596438 0.00957878149923632 0.50486815309526
0.00023303186309308 0.00971438710743094 0.5393667342278
0.000229153196224155 0.0104236197456033 0.51810256974223
0.000232116117464896 0.0104052859268924 0.527310333367285
0.000250869661899318 0.0112620402151542 0.575240896615971
0.000210587743372171 0.00918593747801712 0.462652371495496
0.000225906519120623 0.0100089800657611 0.507648032012046
0.000235947556946323 0.0119420756718484 0.541546747181196
0.000279197025160654 0.0112367475120319 0.626866207054717
0.000180741661317933 0.00935638080268978 0.410818642210953
0.000197866192638676 0.00804223930503015 0.462895128499171
0.00022527717703629 0.0103633706701558 0.519105988020871
0.000212901130771746 0.00993710488867951 0.49048215427556
0.000233984151221065 0.010678922402454 0.528118086372584
0.000206249962766562 0.0105337470485221 0.467198485221201
0.000234475226910278 0.0100421082440379 0.529360024661457
0.000199469963640262 0.00848305144301727 0.450917339700784
0.000212175918949417 0.00997555978154019 0.479816653934269
0.000174134153822193 0.00809039220828331 0.397314918204068
0.000251990688207805 0.0105570248673123 0.586644322896474
0.000157096034964859 0.00682679652536343 0.364134086087779
0.000227951058330976 0.0116804572710563 0.525870437155283
0.000197998731019879 0.00848890763513105 0.459529487279789
0.000238872480167407 0.0107517507939446 0.535575663478505
0.000233938095311258 0.0139341817913199 0.53586910148136
0.000175369273200187 0.00780286794404173 0.396574437880832
0.000224191815422456 0.0103415224456417 0.509860424115375
0.000318260040237793 0.0127193380101784 0.704353542022885
0.000284573537646773 0.0131950095140866 0.651115122023597
0.000205823311377627 0.0107657508897018 0.4638209861262
0.000240943011792217 0.0109251760720061 0.554284597358487
0.000182201059328307 0.00856402181517403 0.419048220948388
0.000224994477889561 0.0101736153372839 0.522619333619244
0.000273129815509224 0.0129237567322722 0.625398999905415
0.000261293394140045 0.0104758007117077 0.585413655782457
0.000205276722661328 0.00992660814747814 0.479535794506849
0.000242126273976814 0.0127586247772715 0.544142913175658
0.000211547208073315 0.009433115405438 0.488384209053408
0.000225382728524003 0.0105721628531431 0.51752650837799
0.000211222777845676 0.00957926873952183 0.484255364614517
0.000188251395641072 0.00869017970568496 0.427559873645326
0.000267751607834886 0.011562926687336 0.597894325013161
0.00020161801681923 0.00995320558786623 0.456039853377979
0.000281794043021056 0.011734425343042 0.663053592949384
0.000255731392089662 0.0115461180321704 0.579603041611166
0.00018112062566606 0.00801479651705072 0.405813724600949
0.000259400927557081 0.01052236569327 0.582798672311136
0.000245865461239106 0.0110387108326433 0.560217827824554
0.00025458809904572 0.0113960954321868 0.587536053629314
0.000225556045504249 0.012635322258629 0.518161180989389
0.000208819349137279 0.0105456415559808 0.47897902966177
0.000234615892364381 0.00988806833637636 0.521370604708031
0.000182436476263061 0.00882141452402805 0.416478725512751
0.000202244657868956 0.0104786778642948 0.451234667334252
0.000246734753662694 0.0110092610040102 0.560196077190564
0.000240800318975795 0.0115592062506139 0.552903064097526
0.000217662391674213 0.00941727021793379 0.504170859204188
0.000230269010535735 0.0101116383364869 0.520063400189636
0.000208638139332028 0.00951364410706947 0.473292869961433
0.000218316899000572 0.00974152108121664 0.48912660924709
0.000251522521951871 0.011209004643384 0.55898077796519
0.000221855168504559 0.0100766392437033 0.505571936329344
0.000242838075223204 0.0103451345947543 0.547570917091674
0.000275424016569286 0.0134549419160438 0.617798717324185
0.000224727888298737 0.0101043609713677 0.509642737830328
0.00019841360000805 0.00890952993616582 0.443022668570401
0.000200698966681658 0.00876204941452292 0.469159005982538
0.000228936986236983 0.0106305749680465 0.526894194962169
0.000232038308027156 0.0102166913062436 0.512249276250342
0.000190854316653545 0.00794314162894241 0.427397344988559
0.00023599194146533 0.0106049993386601 0.561126602402923
0.000209410247055279 0.00989179695920578 0.484413992350133
0.000230500726394606 0.0107716351292799 0.516038126275752
0.000227623561050347 0.0112769906550389 0.518180286357224
0.000212697931774231 0.00841176190586792 0.491282917989556
0.000219757681334053 0.010042275992537 0.496463241415385
0.000257900818417244 0.0104787412444495 0.593506757440282
0.000237378499162448 0.011611241209595 0.543018013176072
0.000185862407041044 0.00842118200055644 0.410324828961667
0.000225576173060654 0.00956351892175692 0.507033476924452
0.000237202488736716 0.0118617134283791 0.52913539605255
0.00021099209730952 0.00983386198477764 0.493410844536744
0.000242345665617058 0.0114943523631583 0.545918908301339
0.000218873321182111 0.0104276041327951 0.503246646330743
0.000241051077210885 0.0108061976713828 0.541103824647382
0.000226867033126113 0.00976976813843601 0.513461582214374
0.000243514479618426 0.0104732337584082 0.547449200090286
0.000254370884609395 0.0122622201135921 0.567750593050085
0.000217817260764538 0.00999070998684332 0.50050022200435
0.000231566327900274 0.00922627195414281 0.524496189257851
0.000231194853847346 0.0101784389326696 0.519057100459051
0.000201244184014036 0.00986863277085704 0.456247231455728
0.000285159588612232 0.0128758790828909 0.629890383101066
0.000208939373546123 0.00957886745966143 0.478497949086557
0.000204501390512576 0.00924151483742268 0.459465937362371
0.00024528392557277 0.0104044957568762 0.555759874956683
0.000224167497862092 0.00996067250854042 0.511682194761046
0.000186824620209259 0.0115802398548623 0.422655186678391
0.000213111127469621 0.0103870200295507 0.48443646804736
0.00024121367248564 0.0103349069241889 0.545410859264478
0.000217042663476436 0.00989590818684707 0.490232783170955
0.000206312137629951 0.0101485700796836 0.470473798671865
0.000240003462449504 0.010956177296464 0.540499464964642
0.00017764507939238 0.00809186527684313 0.40154519108756
0.000218922987930192 0.00954439858498733 0.506728315475869
0.000224381084955283 0.0109273765852625 0.50440649229483
0.000172080657034451 0.00716843592473056 0.396761180862611
0.000186394148966566 0.00850304916140518 0.418076709782415
0.00020417805067375 0.00833183282439306 0.468036673702674
0.000208566835444868 0.0106162072450895 0.478029145166967
0.000187273806873633 0.00901464629610318 0.426815873046566
0.00022584561387789 0.00965646973075531 0.497176808827977
0.000206944356615599 0.00939844293458194 0.468199772929476
0.000223547890086686 0.0104371524637416 0.505516737788198
0.000272617824185286 0.0116458700215736 0.613050151649074
0.000195865718781668 0.00915025057782809 0.444088358541822
0.000205904024001901 0.00888111337357768 0.477635586694262
0.000246512852019363 0.0114242241307085 0.556293997703752
0.000274034954254264 0.012523860097343 0.620209453020888
0.000213203016734247 0.0093575835280955 0.484331318656548
0.000256575499949806 0.0107141825363985 0.579993207864504
0.000235780093988416 0.0109269748756647 0.528506865748997
0.000196521298330304 0.0113297337256972 0.452115960537792
0.000261763994516394 0.0103471158900891 0.581363311487861
0.000225228709496723 0.0103374216112433 0.523294040982543
0.000192779510492214 0.00847751282474798 0.438958925455332
0.000212902657953469 0.00981799489733872 0.498195300241157
0.000210930993737718 0.0100055709578441 0.478275195158972
0.000222311839413152 0.0110143249601957 0.504828280752914
0.000226604967008321 0.0105286668248974 0.52785833850066
0.000247358471475965 0.0111907250476733 0.57251117787472
0.000216238406905031 0.00915235817248366 0.486603720832542
0.000248109601303699 0.0129069900112814 0.558850351665098
0.000199668724239273 0.008970683540175 0.453173230464471
0.000191811495654684 0.00778957439139097 0.434693022602139
0.000259039981373734 0.0130151630885053 0.581153005639214
0.000226797441178108 0.0113067428861435 0.515425620450548
0.000227120738401504 0.0100464211790257 0.512515723477043
0.00024014821338918 0.0109696866968416 0.559967026328638
0.000239186297725681 0.0107719900288595 0.555366386137092
0.000245237348039216 0.0105022634574078 0.548875900711517
0.000215829267544432 0.00930874063005032 0.491939126819158
0.000218239177535294 0.00881940569064941 0.48352597235619
0.000194632108682286 0.00891194061819849 0.440796072467322
0.000210047122129902 0.00889733423972348 0.475043310374986
0.000209436806773408 0.00914597083772934 0.460180248416402
0.000194806705831351 0.0091403881181788 0.432894778187074
0.000216345778437925 0.011958153012622 0.488925554471556
0.000210337418620515 0.00996949018629946 0.489346618315881
0.000172048667920209 0.00773202572628389 0.39194520411534
0.000191699651501814 0.00875387843063945 0.446462428820255
0.000260802221615797 0.0124093425085246 0.597683998858463
0.000201836981048757 0.00775239613899424 0.445825125885483
0.000229412544592708 0.0103734238860338 0.521649224270297
0.000189214097052278 0.00945728093340862 0.430137176365758
0.000220485036978309 0.00934432488718811 0.50030340766539
0.000184000667845719 0.00898853247074053 0.421879491277833
0.000193732285417174 0.0100979814572148 0.443761017650252
0.000212682657551726 0.00895005606555954 0.473770300249567
0.000261212711810396 0.0113909129098092 0.596893386734259
0.000241825453211936 0.0106210965788618 0.545633997605564
0.000187704088631501 0.00786903802133764 0.43720877102273
0.00018896094426016 0.00956379384536428 0.438101125347516
0.000215586337412778 0.00913787412218095 0.492131911761558
0.000229371937107382 0.0116013584967839 0.521311258341088
0.000237986468079333 0.00999638831821239 0.544609587369587
0.000200257253480502 0.00772351652515404 0.448286326536555
0.000257762194593853 0.011173725707475 0.595142164111729
0.000236716442978101 0.00935889488698599 0.553080311711444
0.000211042748441976 0.00945706000496156 0.477440343681535
0.000196304298215011 0.00955599164731758 0.448884602285019
0.000209316023670922 0.00862500660181523 0.465928166997817
0.000221910199941265 0.00853875854148265 0.493031190768909
0.000257716083792023 0.0114984017248115 0.590234560839351
0.000285438236298926 0.0136329768057402 0.646310501086892
0.000218467020054111 0.00966949388726934 0.493773236439664
0.000187267777888944 0.00918179529887969 0.424880468436213
0.000219720801628846 0.00961945045558616 0.501312223904898
0.000238024932895162 0.0101192597479801 0.543654139643036
0.000208588498719986 0.0103201803303073 0.479217371496496
0.000217617574170612 0.00983189023368868 0.488295866928115
0.000181485663199659 0.00777694143367498 0.409898026003467
0.000294221932990492 0.0129486725621047 0.669284213559191
0.000210026105016851 0.00849225847209378 0.48116452977989
0.000245805853379561 0.0108210828219334 0.559080648855694
0.000269199746383268 0.0106937281680708 0.61548956178406
0.000252864928854956 0.0145487494233983 0.57338009838829
0.000243696462052006 0.0107675982207151 0.552779854831978
0.000190098843623706 0.00752746872075701 0.429421244535247
0.000242677064622617 0.00927292494585977 0.557948607198644
0.000251351548508916 0.0119641936414289 0.568287042588455
0.000255898092748741 0.0114865198468066 0.578503289867036
0.000250470325104878 0.0128412833177586 0.571907562344965
0.000247333111547059 0.01122781710553 0.567944883842805
0.000203933737757433 0.00879255539115022 0.462984256937446
0.000247521033650976 0.0110744448698686 0.564211390956913
0.000200236196579056 0.00829111648741996 0.465161938039015
0.000204602012304268 0.00880524268235066 0.466527854000346
0.000229264738342962 0.0106236294481162 0.521462264354202
0.000194004231421716 0.00743003202562545 0.444560216055561
0.000245744475467027 0.0120356930739298 0.566157434073106
0.000241656782263601 0.0111316837988226 0.562407569690548
0.000193474600667154 0.00879774025572694 0.444500398998164
0.000248555305388859 0.0131394287035852 0.555114127303488
0.000281353672892878 0.0126710413103077 0.631254499605908
0.000265200122713942 0.0110969420946391 0.592450522496569
0.000216775076571816 0.00910189700882979 0.497238125659349
0.000228852332749057 0.00883352067896741 0.516183584017385
0.000240888052609989 0.0107662452992669 0.541747036633485
0.000220212408567081 0.00922214414486691 0.509378957239185
0.000212169587173684 0.0116234373324894 0.478759119537732
0.000190946679645289 0.0101855527188041 0.437587624944638
0.000219985863084429 0.00932642934464886 0.490457549703768
0.000290989565750647 0.013980324690088 0.65475635936193
0.000257015820436816 0.0116697984960452 0.580776342842122
0.000203684247140474 0.00925022436001473 0.454010141493516
0.000241036899563614 0.00949828510830799 0.553217652259203
