0.00357131536032217 0.0434539110909241 0.622304561404776
0.00267222632111555 0.0283377311987875 0.469396870141823
0.0032884969334128 0.0637547442245372 0.608429136108216
0.00311267480421028 0.0318038180868195 0.52699519308156
0.00207634094787676 0.0240336271233089 0.396154738145113
0.00307195117683108 0.0356295078817242 0.548534095230667
0.00273848794526995 0.037927962052613 0.47008892397587
0.0032939561442548 0.0397308471055924 0.582164047126684
0.00245478280482418 0.0282321186526995 0.417625266328897
0.00271163693062287 0.0362994355858775 0.476629903541268
0.00230926002047288 0.0285095577089191 0.386611190814813
0.00325933257877468 0.0397821555066998 0.592347613483784
0.00322720504526866 0.0348091289175735 0.545941299981334
0.00328010292943984 0.0431879339228893 0.587348229936956
0.00235389587661539 0.0285320006638629 0.411806132573962
0.00533440794156558 0.0630965955012771 0.937965910016221
0.0031635111620939 0.0377009212906073 0.534061709237545
0.00341588267307914 0.0464614008576181 0.676972005637199
0.00265530593022471 0.0355778218565927 0.455251672724642
0.0046414576756696 0.0539961452138659 0.793321985956682
0.00303470628157775 0.0330894517403198 0.527646898344731
0.00192088828788554 0.0219906114225618 0.333367380370641
0.00233912095938181 0.0280569188249437 0.409578375545124
0.00305605307345565 0.031712385236557 0.554367796527016
0.00408465788872405 0.041476533827628 0.679969150542827
0.00378399392556852 0.0456448837581405 0.626803468748004
0.00304418373718099 0.0311848094990539 0.535140449335657
0.00306353288156151 0.0299567894495589 0.531166401474686
0.00340695620866279 0.0444108673712462 0.613158985062304
0.00481298761181154 0.0494495860741419 0.824260009166339
0.00407753107974126 0.0373958172421279 0.697350738568175
0.00233193272193364 0.0277259583516848 0.415825790284898
0.00229704411335463 0.0222495158624448 0.397233126250963
0.00304250616009764 0.0366302349701835 0.520642335873007
0.00285314126666068 0.0330180016144262 0.495755884901459
0.00313871020838644 0.0277038334035874 0.504276299065448
0.00324022095369107 0.0347252108913677 0.592425168010778
0.00256834390386865 0.025397535071381 0.442796339812735
0.00285915769792074 0.0288316837073105 0.494522594694852
0.00263717735479554 0.0274074980622385 0.485140552159433
0.00315410448708313 0.0375637539248188 0.572351314660924
0.00415369532838731 0.0384649844626212 0.71897267626981
0.00264139355968822 0.0284471446800189 0.446971087347044
0.00384367088480601 0.0492435534010693 0.655930609955136
0.00266272089108156 0.0354313290377976 0.44762659684636
0.00381795979024082 0.03266489934141 0.637401723102216
0.0035875130504394 0.0425286075565545 0.610261086596539
0.00391832765627106 0.0465465657189665 0.68180674265999
0.00357561621745415 0.0421634785911843 0.664430179712104
0.00351980926368419 0.0430364665574798 0.598124041252432
0.00308591875496546 0.0358206851037305 0.52276377148723
0.0025429017225443 0.030398660473834 0.42749464108395
0.00285899235252296 0.0361236931505329 0.495270339846565
0.00354904914358305 0.0508771886897267 0.596649371100808
0.0027170973466868 0.0332375233559908 0.46577533020701
0.00541680309950316 0.0793954522960072 0.91043029414568
0.00180349380455384 0.0291879142196494 0.326753635958994
0.00356172414320708 0.0376641283846896 0.641163530217331
0.00354732196269816 0.0531531384035112 0.613827813961603
0.00335354912754852 0.0428634353235171 0.569898176756734
0.00321451523554041 0.0354157902481365 0.585272464415739
0.00253650993570839 0.0289565243036118 0.458798126394069
0.00286479110267831 0.0400679469133409 0.507122626207675
0.00260129275092792 0.0391893621091207 0.473643855995037
0.00217619892164089 0.0261173872750451 0.361743223679203
0.00324121255134442 0.0426301153189664 0.550741675364824
0.00653513999445866 0.0658124233757358 1.12752545856195
0.00343436739790518 0.0346478484927705 0.597339729618038
0.00358991328595148 0.0405668677168936 0.599265409078384
0.00271166041438272 0.0434724121052957 0.474652870911327
0.00330936912239116 0.0393034897318594 0.55904528008752
0.00342667993562931 0.0571188964041789 0.58512803274815
0.00278995487813329 0.0386858972426319 0.48271118106413
0.00433787221186576 0.0476020152227815 0.78766232811183
0.0024261209850732 0.0217794493873834 0.388509636638618
0.00400227154660561 0.0470976256106821 0.670016429161032
0.00284828013021347 0.0331055509378951 0.518417130896442
0.00416295433492059 0.0746049959695967 0.732613733129659
0.0027545047876203 0.0377532083180252 0.447593112013837
0.00541477974530554 0.0681127105439855 1.00785048864056
0.00333832877024506 0.039115593688906 0.564785262957385
0.00467312328868894 0.0494045414608789 0.803095666130141
0.00497450731469147 0.0485543261306682 0.856480886934697
0.00325435390014658 0.0336599389676447 0.552198748509686
0.00289673699841825 0.0247470920256858 0.500933192760016
0.00341132353413236 0.042779865761746 0.582453934136769
0.00257559189258765 0.0239718417542639 0.424534601851891
0.0028343885461039 0.0360621369009172 0.505223602434191
0.0020583839297501 0.0283033610021693 0.345705401415162
0.00343400081013441 0.035069360319653 0.5488333090507
0.00323053377108123 0.0366327721462776 0.582579158525091
0.00311877973275238 0.0404596187812283 0.582130327959677
0.00275779991939925 0.0312736655223413 0.471188786436423
0.00283610021831302 0.0331483495356194 0.532802693616317
0.00269941971873056 0.0324519343545219 0.464078276831112
0.00315551905070912 0.0333630677340266 0.530885928647221
0.00278072753868081 0.0282651465019159 0.491488099546074
0.00230130641180908 0.0311609330732799 0.382663900862041
0.00408400875930117 0.0446275052628831 0.68865441385547
0.00276234727658618 0.0351082511310338 0.461500721785791
0.00245510002519871 0.0282572442415699 0.449627186086898
0.00222479001599705 0.0234788268016032 0.391947092631611
0.002629920934887 0.0311463466474112 0.466726940908023
0.00275359920987172 0.0360249088400026 0.513738133618792
0.00317689469174274 0.0448338332870647 0.560718637477575
0.00241054241534364 0.0257932991749003 0.398345644420005
0.00313901781875782 0.0415894112610783 0.556025492885307
0.00292764487767094 0.0297244232654421 0.513955884381267
0.00295325512754617 0.0383558475993831 0.533442876459814
0.00326077839594951 0.0463444450369789 0.511399255067325
0.00258781138739767 0.0315079306770549 0.438581799806204
0.00204117599570365 0.02187193709098 0.340732048159197
0.00377242310081619 0.0341104955064876 0.642624057199749
0.00338708953771743 0.0355040669303091 0.560518128357412
0.00233645571760885 0.0259943819149328 0.424775780728766
0.00264261740254669 0.0325576309685642 0.482086824553877
0.00314520154357504 0.042258142793718 0.581093134262335
0.0030441567655989 0.0339538239751015 0.527504001005
0.00281847531588849 0.0317709288479122 0.497943910243337
0.00232159463593376 0.0279916814056537 0.425670823322696
0.00427172273160125 0.0542322954957425 0.769997898814654
0.00294092931141571 0.035427735824141 0.490762840962286
0.00333480124517496 0.0355834518770615 0.566731402359705
0.00290339404917452 0.0318688318933816 0.501281438663158
0.00316950047360346 0.0448344817915275 0.583171442151552
0.00229610861799008 0.0324073185887154 0.398315589831783
0.00334991188970117 0.0368494374412444 0.574862488412079
0.00165676463939508 0.0246173956549856 0.334880740614023
0.00376294591493513 0.0338591185389101 0.644589113939483
0.0032147443462949 0.0409094179397393 0.563689101210821
0.00250331380643128 0.0355660928761648 0.454330768636678
0.00269854367658972 0.0329349968831737 0.503165448830019
0.00411684275341352 0.0481881395985765 0.734187556629637
0.00174915750228067 0.0176302860165591 0.293747264604653
0.00156218624394161 0.0183545911462782 0.285000967573092
0.00391783766476552 0.0465384106652461 0.673152401052828
0.00290752284121499 0.0298085039489121 0.506538969784014
0.00346933773020919 0.0448509324963208 0.57980716028938
0.00300237514080348 0.0379575276773278 0.520419138035843
0.00592649617683267 0.0862484744134153 0.943209007043351
0.00272458524473125 0.0308580624604017 0.475437874029283
0.00269257059952516 0.0290669814719131 0.457136758707895
0.00387295187024789 0.0471305183279579 0.718863159989868
0.00314360911547224 0.0320543965348556 0.56449000373919
0.00304781929125882 0.0411990481404904 0.510300580808514
0.00318628694582901 0.0344865740542339 0.571695214655827
0.00432524979361221 0.0489518792670084 0.70488338993695
0.0031767400618797 0.036742833600772 0.569868815205194
0.00259053575710507 0.0260776894797692 0.448504250244821
0.00371267498819688 0.0439100244432529 0.67471293484735
0.00292693704379019 0.0359292470402177 0.524104332979629
0.00310324339682961 0.0331336486601174 0.563629687078534
0.00441612528849895 0.046370547738984 0.750677149001928
0.00352781508134057 0.0425723606503285 0.601534290477249
0.00424171921221333 0.0590392349538726 0.724186718142263
0.00233374798135801 0.0284633799630882 0.422873469507692
0.00455845256467805 0.0654770338130035 0.820946816449673
0.00271114377218841 0.0325615859525369 0.449409816883466
0.00289413829977953 0.0311027745114272 0.518404358464581
0.0034469172018849 0.0520639373710456 0.613934155700782
0.00284200545454649 0.0386086207578127 0.519765983219424
0.00446012429959656 0.0603857584054802 0.742606376011381
0.00319903168476112 0.0385286059504146 0.569547724104567
0.00280666627215934 0.0337798591913327 0.514881673923701
0.00279770069565917 0.0348881227392391 0.502223737546187
0.00327178479722498 0.0379959769916928 0.587525874941467
0.00236478007062871 0.024257971673067 0.447765514309279
0.00392044352710217 0.0406784927681197 0.723841030028839
0.00326655484425387 0.0519078610230491 0.54415413028949
0.00457700907192584 0.0584887516450494 0.794961056875082
0.00276349980448328 0.0388566059309659 0.49475821110871
0.00422961582733419 0.038429455452843 0.706828796998721
0.00512400785147475 0.0604725077361367 0.970241447808682
0.00366516902721422 0.0505204250415431 0.654842287598582
0.00241127693657637 0.035047171731498 0.460762873959889
0.00376671360717382 0.04861145904953 0.687967370681832
0.00325135938559589 0.0411620951132276 0.555298064733562
0.00264000904337499 0.0380325347155671 0.49905840373492
0.00206189198466619 0.0303527764707128 0.384483889800717
0.0044870118503752 0.0446303241082443 0.781954882688726
0.00470110112129471 0.0578940197608168 0.761329013812825
0.00368806697857243 0.0369090633392112 0.644275659905259
0.00354481906308325 0.0364175572209769 0.590471804069111
0.00306357019000982 0.0310434015585472 0.555277634469993
0.00500304631081542 0.0469249966410121 0.788916417132893
0.00280050867304257 0.0313067155654008 0.478584841383738
0.00260507136217704 0.0293951577962893 0.448259295761889
0.00273487891188347 0.030500832784983 0.481938741189947
0.00276192618388798 0.0346510847416011 0.51083508574245
0.00406182016907663 0.042499881545397 0.666629514246796
0.00309338992498309 0.0313003969372526 0.520524303756293
0.00335664763112251 0.046666798329471 0.556401217975605
0.00242456798767511 0.0307355572289091 0.421589414580062
0.00305806805387803 0.0330210676418262 0.5342784946594
0.00306702325370389 0.0425953532206299 0.523882856443865
0.00306244283861676 0.0318467904991738 0.548404134421672
0.00279819902580752 0.0356320239493593 0.477331624278371
0.0035000459926997 0.0533277094222986 0.611318114514184
0.00302523683670078 0.0383597070089139 0.537681822328801
0.00382957096904271 0.041980105382555 0.675382505108501
0.00364928380775955 0.0483247068409506 0.6285886836778
0.0025746986939923 0.0287073747956454 0.455923671221099
0.00250892075209992 0.0260520745144918 0.438438382014363
0.00432737769868244 0.0451627435762006 0.731792437668338
0.00301082442689531 0.0378868120988856 0.527618959448158
0.00271424895599193 0.0249626984778953 0.434980946713476
0.00290844943286899 0.0277233202639857 0.513375385389032
0.00305540686573128 0.0357280370857604 0.503639705551663
0.0020341585997473 0.0270060168316968 0.35874588533009
0.00232860244240412 0.0273362778305264 0.419953493589049
0.00363608426106097 0.036752913994412 0.624168675251032
0.00260238725056493 0.0294968755930145 0.442652771825538
0.00380155520241463 0.053341436993201 0.691613460244886
0.0028730588663198 0.0346458847880887 0.502167667179689
0.00240528058530945 0.0256490698292508 0.434217921258253
0.00274939318241143 0.0342828169757322 0.525597053923121
0.00339165918177599 0.0379887371263235 0.577781719601121
0.00381618779745259 0.0669143883213965 0.627520260409712
0.00444863163562027 0.0481183692136861 0.813474497372964
0.0021086233579137 0.0263542761035174 0.360097103301023
0.00342371252736925 0.0340026492697326 0.592698157345853
0.00266703720543394 0.0331477852992148 0.484710625009351
0.00325912568641114 0.0339759099694529 0.604080141848847
0.00255110723540012 0.0271133690800373 0.440881030960165
0.00260713272891063 0.0294128014049139 0.440771968253917
0.00388770852122636 0.0415878878143723 0.684718559597808
0.00316678422995768 0.0401065311766501 0.531816624589513
0.00286022773156991 0.0332835771583466 0.533041417591374
0.00331965294566382 0.0380532753904119 0.582124605527078
0.0034222164137239 0.0465151625373072 0.603680360439533
0.00244598147598799 0.0336040152685755 0.425641206673881
0.00312679977777033 0.0505649281432682 0.570021737062356
0.00346523093241 0.0402660481991218 0.563549595234685
0.00244262619051058 0.0377725486111548 0.447432502619745
0.00312891741676392 0.0338649057052425 0.545462423218567
0.00408036219881225 0.045441708244817 0.687018543342144
0.00333556404597052 0.0398012379600983 0.575174138889533
0.00338192585158477 0.0448797275593458 0.583811786998463
0.00527155228474794 0.0699176681990132 0.906687538104293
0.00368129709188657 0.0478170109620074 0.640947640048694
0.00244277573257739 0.0255618396166028 0.399056722131026
0.00308688059903969 0.0344061645035559 0.491621245527789
0.00226396066444026 0.0254858141596826 0.408093096020065
0.0024777477611705 0.0360708527016171 0.420070143708363
0.00358338503254937 0.0540199635311003 0.616831463481627
0.00287099164506557 0.0344755677939983 0.459572144764509
0.00368959060208021 0.034818064198544 0.61324286135645
0.00336218310608786 0.0371965581305301 0.606856842571068
0.00321527936509332 0.0337502723189143 0.580873037899314
0.00280359546021604 0.0363840471005389 0.508195435385065
0.00388571381709927 0.0480884813877066 0.653088128728022
0.00371728593743689 0.0673462790062002 0.685378670856621
0.00311315030098049 0.0325543567420096 0.544408613212006
0.00522180115921141 0.0564016311454043 0.887042860299034
0.00276061605348975 0.0375723664200113 0.460518975538558
0.00293558021910089 0.0364901488151017 0.543056762813305
0.00346361718878659 0.0405635541901562 0.605796130934061
0.00380551862814085 0.03901009221856 0.660840714211497
0.00310719759943947 0.0299751956429318 0.533005906704341
0.00317397665294583 0.0360766199620204 0.556804358704705
0.00294438821482426 0.0359135704122533 0.524683457192723
0.00453771462537971 0.0432301694252829 0.820061027822099
0.00392066608808045 0.049200640767564 0.703130866659797
0.00307532198480006 0.0368342407545482 0.515779236863305
0.00287674118818932 0.0405286479838532 0.518716740809609
0.0030103468341036 0.0292730511261495 0.523342630696919
0.00276675479704314 0.030106324915492 0.482468646733199
0.003501814273534 0.0494709004455422 0.628545804009764
0.00245612096514069 0.0331504675479119 0.449290310376658
0.00239483792884626 0.0251320672981642 0.399274006763192
0.00242128293508916 0.0280225043890226 0.438257109893864
0.00365988195645623 0.0517900030460761 0.63090874752391
0.00350198093845708 0.0428243244683859 0.599285754215011
0.00343474503331161 0.0428221973792267 0.581795036533295
0.00383646762314052 0.0370619475565662 0.674465156025989
0.00256381984388745 0.0277585092010954 0.455039334250223
0.00345110107294854 0.0333755893332569 0.587265489565136
0.00291109532457766 0.0270096957420099 0.520224259321142
0.00375701778749581 0.0413429390209243 0.648663018272391
0.00235833059663721 0.0236671226320957 0.433623414663572
0.00241679786218816 0.0244479174831916 0.391777332729824
0.00479182844456627 0.0633915135363891 0.778496235988721
0.00271855750690954 0.0243183848294124 0.447381386329977
0.0029946190972727 0.03207692674067 0.518700628048458
0.00262751629120305 0.0410362892056988 0.458648015182329
0.00442040864157178 0.0445682471534576 0.75976090866631
0.00458139800673071 0.0503402880970413 0.785243497466807
0.00261854197067969 0.0343173300486952 0.442384466859142
0.00265845446458296 0.0337816834185342 0.451955055901081
0.00197235721693462 0.0234543477851293 0.349657571006086
0.00290410309645234 0.0403375641581931 0.501055919461371
0.00422766675371214 0.0468613227491817 0.772415992723088
0.00432914141437386 0.0583155989966952 0.730808986981982
0.00336787962356026 0.0384354307628762 0.586094580629352
0.00286529968603658 0.0294012801259933 0.497767585185498
0.00371086004303325 0.0602650837108516 0.598501513726118
0.00266773057609832 0.0313622958618216 0.454827299094923
0.00255716577914769 0.0286487956954743 0.429649466303406
0.00308463697162901 0.0322901406037495 0.55890399554301
0.00494680452974833 0.0620435732554968 0.875533228792303
0.003311011570774 0.0470326014634765 0.602094633022822
0.00245517337313845 0.0314587908399233 0.429537533930553
0.00401366781339298 0.0521233397313654 0.699813829589644
0.00304369720461925 0.0371695611698397 0.51276095847438
0.0028951638132053 0.0310213162108383 0.518114184310311
0.00353318809074144 0.0440605590269012 0.607794785048679
0.00189790906291428 0.0200317771425397 0.348704560702635
0.00258457248463886 0.0259812784243067 0.455975517788719
0.00253286408453688 0.0328200679979524 0.410961749826476
0.00231427163215223 0.0291019389915281 0.399905424981936
0.00429982822964031 0.0410844009851633 0.741967628741091
0.0026277797584027 0.0273293447690178 0.448596731084844
0.00276007580608101 0.0343733736360443 0.472906165662101
0.0024813674329247 0.0300171597042239 0.453472788965158
0.00256992728882985 0.0277933752268729 0.463719764710856
0.00330072633587761 0.037739156427209 0.570210861790246
0.00345205993004681 0.0382632936579694 0.587863427132436
0.00265403893850244 0.0340459340978456 0.489923183181965
0.0021051482915345 0.025253591952187 0.372736926729683
0.00309174790078813 0.0298697337038565 0.538208094497155
0.00245661477552444 0.0264497617198812 0.430333525906303
0.00244310993188512 0.032766769247317 0.410886192286811
0.0049119185781382 0.0586303637956859 0.83465179986314
0.00356538913114579 0.0503698395046736 0.614671579788292
0.00290246486231411 0.0342017425826557 0.52385451135986
0.00230600347312808 0.0281409797118997 0.413825349171602
0.00282679928984319 0.0338561883708303 0.484364413186071
0.00262554297708706 0.0279833080757239 0.452231791393932
0.00277215960505136 0.0317036624341188 0.504002450697041
0.00233793297276988 0.0258674761794123 0.409866785096236
0.00396340390053263 0.0509076354292719 0.684020020950223
0.00387450997962552 0.0386820461531293 0.685009563943266
0.00340704792792827 0.0352770273207102 0.576646162388264
0.00265816004641893 0.0273824450450841 0.482234189839113
0.00315608582807196 0.0348648584676711 0.538591438884696
0.00443627909880678 0.0605095002581648 0.779248264770542
0.00264673362014417 0.0292853165285804 0.477686894206288
0.00461302933557945 0.0507073537854011 0.776439418819192
0.00480531549016766 0.0705179973110829 0.850202302973192
0.00456295660482038 0.0445619688850928 0.793311525111469
0.00258522331173091 0.023915490918661 0.408712435534378
0.00252459873702213 0.0315993006806333 0.448420717951261
0.00271167158432647 0.0296060314874026 0.487775542756973
0.00267860998693033 0.0330492220155759 0.465780867138967
0.00262874642772253 0.0291170608728615 0.432876351747114
0.00349065204634579 0.0368913688707409 0.628606633731457
0.00331149559615373 0.0352827570173516 0.611221593934983
0.00304227936259217 0.0275678243191946 0.54643182208124
0.00307850378162533 0.0417712559674758 0.544055859277316
0.00404817678050898 0.0400584139859456 0.698433520830402
0.00207330102255201 0.026714078416326 0.407233595208551
0.00308050326662727 0.0337745767350204 0.478051503497371
0.00279164974539494 0.0309835419619204 0.512873933152822
0.00246337045057238 0.0284637670224095 0.422484556528198
0.00312381613833207 0.0355751126289882 0.561168803583495
0.00315929562325115 0.0331982823010489 0.551789714258532
0.00318047385339934 0.0329094346724468 0.535850349927273
0.00625337099106673 0.0527507836430116 1.00316046579648
0.00289529774008087 0.0289385943225515 0.499012295065236
0.00393455340207611 0.0353638219822931 0.713620342268808
0.00275718245412656 0.0317800837072223 0.466592048541911
0.00374823430204803 0.0399300603324619 0.683175514961745
0.00297759311477841 0.0383871480045732 0.511986901458862
0.00365259381447191 0.041091466870291 0.601945766026347
0.00431031783381063 0.045295742898482 0.72796708549272
0.00309666318283333 0.0283456516804167 0.517924832039101
0.00514671647216217 0.0614179340682028 0.893697248357508
0.00378740329581261 0.0393643206703932 0.641471629867931
0.0022933926662426 0.025540783985613 0.388772010232944
0.003088075388863 0.0329548242244034 0.539593666202421
0.00272515964539228 0.0268765870534305 0.475098523713081
0.00240243774217323 0.0277648706120729 0.414424561520675
0.00328854971814304 0.0372073297204709 0.561142735496734
0.00356872870006664 0.0436520152027037 0.613941739069717
0.00454609540637957 0.0408246713010713 0.773258423197769
0.00353807397577716 0.0350504313114474 0.582064182899641
0.00289628200277293 0.0401714914491689 0.544316141082041
0.00367352493258993 0.0409226248519509 0.638631882939606
0.00388139058144323 0.0436561007577017 0.690134400380322
0.00378685761082941 0.0351940127172007 0.626608066422136
0.00349389135297443 0.0379200560680417 0.632749825209718
0.00248195251151205 0.031628645588858 0.434392908608749
0.00355911952974552 0.0422015801466333 0.634589829867223
0.00528713483188054 0.0536931039746355 0.843596201802957
0.0034583127825215 0.0450208499988264 0.632847698997933
0.0031835991868764 0.0322144425317928 0.543775723596212
0.00265811556824115 0.0319785329136585 0.481858118288204
0.00527589551333582 0.0558930860841551 0.889599577227657
0.0036734033307618 0.0371963467487481 0.623286572007523
0.00306454218630615 0.0353500884761475 0.536806081495006
0.00333943427058425 0.0392131640033744 0.57229771952696
0.00326377691243747 0.04777541449247 0.588587724539497
0.00327664859657483 0.0359287870313344 0.587416554412628
0.00223760437587665 0.026169207028359 0.404828968566996
0.00406130852176935 0.0493647333136187 0.68606529410647
0.00375613583124745 0.0370407788693101 0.688806214818061
0.00294647063359796 0.0281440436664386 0.521726619379068
0.00320844456824437 0.0322736099629494 0.551411378247339
0.00507877686887877 0.0578010867121547 0.900473948520318
0.00264528776552414 0.0391140626090354 0.464804020323689
0.00320005055568281 0.0328868081478476 0.54644737617818
0.0019606143610618 0.0221942688074989 0.361281324052533
0.00383305703675526 0.0370478476221957 0.66178586867129
0.00277198411990663 0.0332170413204737 0.480348640746771
0.00228653754773528 0.0249173596960363 0.398873684876713
0.00400996414199235 0.0431324252439493 0.689728444368246
0.00302031247316495 0.0446657511621054 0.56227923854959
0.00524413470233655 0.0582544674735298 0.943092661930553
0.00242940832720905 0.0304167818315201 0.403030692999286
0.00269317593364043 0.0302490279845261 0.449345488472693
0.00467011791520606 0.0510419338438278 0.770000630770722
0.0036774573134598 0.0376002433190048 0.615973329686515
0.00209192806473942 0.024135220192637 0.369157977480085
0.00347533917194426 0.0480332780399872 0.631566477251137
0.0026477747724513 0.0272773810681019 0.455214952675933
0.002431177814456 0.0363841025881726 0.456118634219817
0.00477332989896814 0.0535001255875752 0.816594764640803
0.00400604102881885 0.0457905940161775 0.715472653484007
0.00279737681996012 0.0290554897813509 0.492330291839187
0.00289914283348465 0.0469224276222789 0.467033000668995
0.00357460709046147 0.0408554718697057 0.608361403636932
0.0033461636684744 0.0403675353325584 0.604136534252353
0.00429953138655538 0.0498266108785563 0.77218961486089
0.00303800336903493 0.0364294786506329 0.517186664837093
0.0041525586300258 0.0454351328708158 0.773465728420296
0.00299142214680881 0.0388480460215602 0.543926614418227
0.00312772804372137 0.0274061518198001 0.515294308976077
0.00354458202612091 0.0473609265083313 0.608152321210034
0.00286759825299912 0.0473118253241686 0.479522105587196
0.00298277198168 0.0424379024620729 0.502668703303934
0.00280643945337513 0.03423830111996 0.494650987339515
0.00327549229136245 0.0440405872778048 0.594340596187903
0.00456998339256232 0.0626645259089806 0.794552208351516
0.00415824638957442 0.047480597698206 0.7184825209456
0.0033334941643052 0.0366746522869713 0.613412135702809
0.0024320092282949 0.0297450019198581 0.432878690223909
0.00270610187193591 0.0284213479068472 0.43893199102833
0.00373210322860334 0.0384909475006985 0.635027557789171
0.00285450402095329 0.0314695511042408 0.508120064165584
0.00284948807764309 0.0353938095611556 0.519973469742793
0.00298646430396466 0.0464125285870531 0.545481200318535
0.00255956627039197 0.0255369791830776 0.437365330560405
0.00358855826462705 0.0416443490251272 0.615447368945984
0.00323991267920672 0.038800315232878 0.565461551413669
0.00272119863048193 0.0275025713232402 0.475888927351065
0.00491922711669168 0.0554326279092263 0.852037725172066
0.00334208236625711 0.0426909234758201 0.548884542280305
0.00304585845451154 0.0298531105477895 0.527757812080347
0.00195086877471924 0.0247811289894672 0.332738978402319
0.0026668874066419 0.0284812748498872 0.493618528690484
0.00351244090418299 0.0326359558204128 0.5463261581506
0.00278977153701124 0.0326026710878488 0.499259249090254
0.00212353520249419 0.0272846045554217 0.389285664522241
0.00204747835436235 0.0297574079899555 0.35920786505732
0.00338338412352148 0.0324263324011078 0.572347553824046
0.0029667217540961 0.0332357358306602 0.526068996514926
0.00330231402968802 0.0439934906073973 0.599575164642994
0.00348030886292707 0.0444247686750987 0.589092820032181
0.00416217438136859 0.039266531411879 0.754742485470793
0.00442924021982015 0.0476214960016593 0.733127374997908
0.00356779768728214 0.0378390119002853 0.595116743495352
0.00369813571719729 0.0344763639216133 0.613630276801081
0.00530172187980046 0.0583466342817504 0.910224388455889
0.00417811824571789 0.0476617873325431 0.725876475925286
0.004862932181322 0.0786598698841131 0.779757047469158
0.00335485373827206 0.0439830681024809 0.612799545745258
0.00276425578668927 0.0288756720045167 0.49180842072375
0.00393309460816455 0.0670619709482518 0.678013694141896
0.00240692847709372 0.0309125699663916 0.413989649037687
0.00331324468220631 0.039485070419597 0.564965332815447
0.00507220216178622 0.0576774040651109 0.861412087741334
0.00206135243230186 0.0229907279350514 0.348967034760369
0.00424324059009892 0.081675546147745 0.75927431028968
0.00296711468349754 0.0325634213962841 0.487106429527837
0.00254190897044696 0.0256353251967494 0.432387882736102
0.00401168154102172 0.0467127725422365 0.730885694224482
0.00241935203945183 0.0247575041873697 0.439511594808203
0.00225260890519 0.0264727330601105 0.436117911646906
0.00348221451565186 0.0395975672320227 0.613490707115077
0.00343012863406217 0.0442713761148218 0.618345191663798
0.00377358960681567 0.0393309631182164 0.648968700793823
0.00320739777781144 0.0293041160192213 0.556228539300394
0.00309305834043328 0.0340586686078023 0.523984688371278
0.00240880556906802 0.0375946035769496 0.426914345184423
0.00369199044055857 0.040579313338835 0.637047265355878
0.00264994717196294 0.0272633423623831 0.43173629348727
0.00338992374829733 0.0387938733726094 0.58103402439026
0.00161899931184236 0.0201835206377402 0.284049880482047
0.00253041991887328 0.0254176315616748 0.436860973062522
0.00374314488953605 0.0377156072011086 0.65389111224737
0.00180076700992537 0.0260799775249567 0.306951448622315
0.00269550108133363 0.0403230611220666 0.439029227577295
0.00372485518689731 0.047474235204935 0.623452860820722
0.00255595143128955 0.0274922963671633 0.442536805513902
0.0034750607467842 0.0385576551816097 0.582038609052907
0.00332725199168832 0.0347730440701904 0.582625215744513
0.00188772695218642 0.021158133984481 0.322347900727765
0.00212320839875903 0.020350189355851 0.348874955706037
0.00404151568059542 0.0413851574859664 0.730492498883198
0.00439811208555 0.0543852817080952 0.744255980438398
0.00260192695663959 0.0262551458289845 0.452127684668029
0.00257785893671962 0.0248088096536768 0.459688732112894
0.00298544108827999 0.0370915908666942 0.539351436636405
0.00298675629505733 0.0432698843465871 0.540004022216604
0.00257236177934208 0.0342236057274331 0.463385360775434
0.0041427205943228 0.0463025332852416 0.792386824349892
0.00266091096166253 0.0296303487839315 0.481801596872917
0.0026510971793802 0.0273490062792136 0.445993929677091
0.00275537576062556 0.030235021768828 0.51247505407501
0.00421811722663893 0.0483755243294845 0.730261737000999
0.00287568575800284 0.0406517106220667 0.471358898257014
0.00291799806344003 0.0282860806450241 0.506120850413036
0.00422887199759261 0.0397695516857513 0.754201122310734
0.00219598180552257 0.0287171455084987 0.392497189701424
0.00341635778808066 0.0417131411752349 0.593310377962018
0.00288537823830455 0.0345135489168014 0.480316935152295
0.00282879218863999 0.0387994668050589 0.536202859306537
0.0025036868071632 0.0284395782927489 0.415090553921764
0.00322381199248302 0.037260299756549 0.592122316945687
0.00295033174344613 0.0300576827106616 0.501680587902176
0.00425781595123476 0.0473684511984415 0.802871131738641
0.00286722869274444 0.0342623059898457 0.501225959214645
0.00321718654803252 0.0370346430390034 0.556481385430498
0.00328562424123739 0.0361894797862743 0.561612219219895
0.00253893862677233 0.0408197370682399 0.420183491351875
0.00533414590963425 0.0736970647110371 0.913273351487441
0.0039126549618208 0.0389586469763716 0.647096132929256
0.00372010722041906 0.0515653044839622 0.66266603791676
0.00357236124936151 0.0445712153536663 0.605087862627188
0.00305528963997235 0.0301567892642992 0.549741604939388
0.00309827650501993 0.0359993518127295 0.522082634246356
0.00279220706497891 0.0282039760865202 0.461218923561345
0.00344384651016027 0.04660136546744 0.572614917320652
0.00317288196314572 0.0329756966711307 0.54617017763933
0.00261928108429341 0.0294439613053478 0.449973991282546
0.0044598698578434 0.0557314836492245 0.771145922481167
0.00348557504048264 0.0416749258580153 0.612435631857741
0.00266521005129044 0.0298790981273642 0.456085901504203
0.00240785162558524 0.0243606039878886 0.414851758875298
0.0037485309727218 0.0515533838240496 0.679686505713661
0.00314361536656165 0.0309337880424871 0.55509901066089
0.00203111120590778 0.0252720182046638 0.359788396631127
0.00339234775678934 0.0457818595514727 0.57899646411058
0.00239904573234681 0.0255329363205743 0.401051268512287
0.00287126004227737 0.031538616784852 0.467662705458259
0.00320295240337838 0.0450675085181655 0.593419755377384
0.00256615406492034 0.0266264002638989 0.446311863578397
0.00335319644815907 0.0433302603860006 0.568115902556947
0.00437715966064607 0.0524995864685343 0.725065480240771
0.00350196775323813 0.0506282985213103 0.576689802017213
0.00305722936605092 0.0365294656247486 0.601288446502096
0.00633635509182879 0.0781259245342464 1.08643366709277
0.00430291281492095 0.0550547449509981 0.718302094997536
0.00401592347348061 0.0460965840353675 0.683348275931298
0.00458371579797354 0.0475540962321924 0.802387219903192
0.004162217330103 0.0524641411339521 0.732821486031351
0.00366392189641938 0.0465934722014082 0.7055252664223
0.00325709655157956 0.0389771431385084 0.573145611281179
0.00251079709168898 0.0333518531156736 0.437706219645303
0.00290537540876588 0.0295256044171196 0.487679995091736
0.00290273730112647 0.0326089842251466 0.527485828750876
0.002758993453471 0.0357798485281008 0.464063538230668
0.00423382229666372 0.0477701695282563 0.733596594158958
0.00341053680064783 0.0422444666740088 0.643270751435264
0.00300391273103021 0.0362512297233884 0.553492252868905
0.00461750567930034 0.0544172219374262 0.804405911503988
0.00254012206392556 0.0274677557504371 0.469321827505152
0.00304805397014828 0.033281969553244 0.499138392250163
0.00497540601734969 0.0478899183003045 0.790058912787502
0.00301226733690487 0.0345871605919816 0.502860105483963
0.00289974228587883 0.0272885817721019 0.505615961843047
0.00288132904701485 0.0341393510417428 0.509290509606877
0.00310547747425451 0.0433659166782146 0.534521808606064
0.00342491447054074 0.0335142630787203 0.581042910137723
0.00186210686948195 0.0212555334258419 0.343579471953512
0.00240766168247612 0.0277222197800518 0.406395164872748
0.00301767816514444 0.0283152613381937 0.491590208452192
0.00436034358025213 0.0433248634483345 0.746987928652697
0.00340958648495052 0.0413160103939311 0.603794502863649
0.0028312780152749 0.0347999249948262 0.52261522457492
0.00357008861856169 0.0410878679056933 0.624616695789669
0.00394198956801207 0.0619193511241573 0.674922669249725
0.0024969815569722 0.0355004449767866 0.467892432661752
0.00320972774493242 0.0469447987200793 0.547480166073411
0.00421759880197434 0.0422418020992966 0.717940487738508
0.00206787995664144 0.0243300265430886 0.3562754413278
0.00586318306015182 0.0638902810965573 1.0159085140575
0.00246757822852666 0.0281523774728026 0.462686234804316
0.00558090766256736 0.0563743923274162 0.896754225169996
0.00407341944247323 0.0728614922118958 0.748452280302687
0.00302955339686758 0.0451308390597574 0.537710749177522
0.00233530673325552 0.0275795256883988 0.420454436436
0.00313998553028289 0.0420161268053974 0.507755085701453
0.00257131234519582 0.0299623182804609 0.478407060284916
0.00205906815899533 0.0238550792790931 0.361987146981963
0.00235290357805198 0.0273187781020199 0.402674489757094
0.00293927266858483 0.044205154772673 0.520832234224727
0.00314790541627867 0.0401885348479488 0.519130445475847
0.00306966046217844 0.0333339603517459 0.528044067954248
0.00286838289384069 0.0415392359828188 0.509854132663956
0.00249721098623859 0.0341595480301199 0.450258215815004
0.00395845255313226 0.0393125074927485 0.660930038105385
0.0024603997405794 0.0250401551244409 0.428094296031462
0.00258160735576436 0.0262309676569914 0.452871727704546
0.00187119017660091 0.0241657297456236 0.335115284952303
0.00235026154781813 0.0241069307406447 0.406184999373481
0.00355137663305619 0.0422910539046057 0.638200035758684
0.00446165287590262 0.0435222001914992 0.722087224988278
0.00298696600723742 0.0415040120471667 0.494118318167261
0.00298045732163343 0.0310688315650027 0.512499512645267
0.00371384984086694 0.0396941349198891 0.60420231524894
0.00551572959923197 0.0676675823063712 0.882579331571053
0.00516283130861939 0.0640989466101921 0.906906977619129
0.00261470798538414 0.0314204052976482 0.466905492127218
0.00378443487699003 0.0432070418401334 0.649761254880985
0.00435446654609396 0.0467025091933532 0.749471034160702
0.00395935235285735 0.0479609462556108 0.693410393254002
0.00257879472757678 0.0252932078426587 0.465743513167234
0.00424535828214604 0.0421853186368536 0.735115739275769
0.00254351376519749 0.0286886446670658 0.441743069460977
0.00278044023536975 0.0375344235883388 0.508475085149622
0.00332701119227066 0.0505882876050731 0.580385725933818
0.00312643717815954 0.0331083988754647 0.535061533167595
0.00310247018618576 0.0316070470001709 0.546045403813158
0.00305358866252132 0.0392806218748067 0.515366071697096
0.00254592199202002 0.0388621174013281 0.434573942662921
0.00177051951628315 0.0224467575988323 0.321597533750214
0.00367719758819501 0.0454572410452673 0.636315335266916
0.00526059450511306 0.0814919628597136 0.945441094159078
0.00267830851932418 0.0362619034157128 0.479230926250618
0.00354425978569391 0.0393898178252113 0.624476415506426
0.00256906719170469 0.0323361642242154 0.469419708234022
0.00284292266156823 0.0432067343415445 0.498595177180078
0.00377879012429533 0.0397402040488009 0.628934239611999
0.00291816791307775 0.0496469152711439 0.524841514627087
0.00304325315650555 0.0295752679473022 0.512411253813668
0.00272672552162435 0.030766115945372 0.471698798564025
0.00256664144519493 0.036930724273234 0.448500042028275
0.00323795139576665 0.0452095537790064 0.58425882524924
0.00224394230173283 0.0322088901578889 0.414211820878745
0.00333917323856755 0.0375826054311794 0.550677591461137
0.00248287369092081 0.0307639831893162 0.413924714066273
0.00280625051483523 0.0409400122803499 0.484382931417981
0.00318081102181145 0.0415566855180128 0.532183218557781
0.00303285628488015 0.0433826631975493 0.527774946798869
0.00243718068912674 0.0258376962438559 0.406090421229483
0.00219385220605458 0.0278256756649951 0.376802590079039
0.00276026630912032 0.028877312105513 0.49271340102665
0.00364817145559375 0.0362689972524766 0.62731782077009
0.00282431559300065 0.0320121017142406 0.518711296594305
0.00304912074138067 0.0394168263907153 0.521361308459453
0.00275801583847734 0.0381291954246675 0.476206613863205
0.00288747000580787 0.0323429092106801 0.526306000618052
0.00211729008050292 0.0212678813818614 0.359152304009259
0.00230530506865675 0.0241617442514949 0.421847257005457
0.00338268969393202 0.0369472907516966 0.59353743959567
0.00299800905772642 0.0272869980633617 0.503570242325197
0.00422673741061477 0.04347953302163 0.692634039139647
0.00241097145318263 0.0283421230590683 0.459871919388257
0.00311341371462377 0.0445759750734252 0.542240247215696
0.00219588164130738 0.021085084141734 0.37260421325599
0.00242202096249121 0.0247907414697549 0.445605403351293
0.00243257277367006 0.0254233012742091 0.418060035104866
0.00282458901047938 0.0303271672865707 0.485426777702683
0.00290634651189609 0.0371182778659775 0.527173621892139
0.00368012804532575 0.0348150978822607 0.59691455697191
0.00331097305001435 0.0414839046430352 0.583243121432989
0.00220722785315711 0.0235094255215609 0.416048603293091
0.0030020012957844 0.0290669529427641 0.540023033694143
0.00260035014355488 0.0287454342157771 0.446222035293533
0.00420097281545874 0.056287191620079 0.735957322649316
0.00301018915049485 0.0300373341668187 0.533982266385663
0.00317184318780603 0.0327049041274121 0.607000172050672
0.00408897251318659 0.0427577791926478 0.703229252062427
0.00342668684120074 0.0342609514481606 0.573228523804127
0.00234238639345559 0.0299441934320468 0.416645533774724
0.00421828912156599 0.0437386880543568 0.728629716379648
0.00327473560210008 0.0447695483979413 0.552771064475918
0.00296863329137017 0.0300745682854148 0.526884937267912
0.00332450979872512 0.0382724355318162 0.583577840217179
0.00397748386177742 0.0511745688509669 0.735263296173965
0.00472553605993968 0.0717376863973904 0.844340622905018
0.00313408159056308 0.0341548826048658 0.561617899316324
0.00381146052569828 0.0375729907274885 0.626897215288128
0.00342901656383723 0.0352132740795632 0.588899045427888
0.00265268157548592 0.0296402724444871 0.473594733415187
0.00334586289563638 0.0375225207799813 0.572274787731947
0.00335612144574786 0.0387112521136606 0.606152118328411
0.00347270623836021 0.036488124502539 0.634634695002807
0.00357178375059985 0.0383506378082098 0.620252180799318
0.00338390424619524 0.035406212603077 0.595550206567329
0.00288312838550615 0.0373741045932784 0.503802953668624
0.00447823811113669 0.0453260077136703 0.752604235906383
0.00219765062840168 0.0272892451273689 0.386647495843604
0.00301025878395222 0.0307787268108698 0.508430377612364
0.00423641711085309 0.0464528026182612 0.697207935634735
0.00212264009483338 0.024955208244479 0.376377762691447
0.00358574599459975 0.0523419162579289 0.609447108895652
0.00355384826590926 0.037301435084713 0.594438299900902
0.00266668588526207 0.0294659441296906 0.496897420628782
0.00308584809948961 0.0485025421245013 0.527050939262029
0.00319531481527765 0.0289269185524229 0.545800263765723
0.00223048840632335 0.0255096120119421 0.416827052839111
0.00241922971681546 0.0330372303033134 0.420803333360884
0.00334748962407517 0.0331572182306497 0.595184887362237
0.00328920207338113 0.0439810752279824 0.632153227194299
0.0034057917577371 0.0293946753980041 0.578332437482668
0.00314160626997415 0.0283804498285855 0.530636977399386
0.00218289666379787 0.0203476355734264 0.369267077776037
0.0024319588556036 0.0312422407870971 0.455141852396265
0.00260240079104021 0.0232868948043145 0.428602969560545
0.00294895819665481 0.0418433691624752 0.523439404765615
0.00367397073602677 0.0447997638219455 0.647844618220998
0.00440425372914711 0.0666200797104279 0.744954484920468
0.0034043731801156 0.0421416359359489 0.608461617225588
0.00248014944793527 0.0278280910963259 0.428157480166187
0.00292690340181269 0.0311824934457317 0.528789243771459
0.00402116806587149 0.0479970369931098 0.695990664458811
0.00382237124678665 0.0554648277008767 0.675525719057097
0.00361013810887589 0.0420608846738046 0.616410280924604
0.00306088008600227 0.0330040732068137 0.52335833046207
0.00238562856774937 0.0247325036590445 0.43404497114735
0.00246318554886727 0.0291130445552397 0.458785197783419
0.00493210375606802 0.063663456574678 0.868777059488824
0.00302616411243424 0.0404511755863713 0.541454458281839
0.00342159382620966 0.0388344783099771 0.621990337880846
0.0032174012540901 0.0379415900714147 0.541416876368234
0.00247444846555414 0.025511061222394 0.433859170565057
0.00275249496144748 0.035742414290309 0.478179409631516
0.00349012035182426 0.057483939538636 0.611378575984107
0.00280567387325193 0.0345538387831102 0.50145781848517
0.00235702203292791 0.023535901749134 0.394438322032596
0.00328784563273112 0.0427750551445246 0.571356444126472
0.00346620471626532 0.0363907821292158 0.598254948254539
0.00177319370198349 0.018053879601996 0.304837011349273
0.00273005716135949 0.0348490878836766 0.46139312413213
0.00355056726071426 0.0395867008384537 0.670729471642102
0.00308925879031872 0.0417675988115071 0.547050724320161
0.0038497772147934 0.0485350089929141 0.674639577926434
0.00305901588499115 0.0378794069650257 0.49261339507467
0.00345294662395203 0.0363993557458835 0.594254395463896
0.00255400243278528 0.0287643519562351 0.46307208520202
0.00378462467003 0.0545966035525326 0.67691365718609
0.00458698127468428 0.0536038397110687 0.815261296767327
0.0040072271953969 0.0495499911704419 0.707653613912619
0.00287872953334784 0.0300918014962869 0.482952195666133
0.00396929097412931 0.0451747913189492 0.72730254558872
0.00290710359834564 0.0387944801598997 0.523116674195243
0.00337145288070204 0.0411422510443672 0.646744823111819
0.00248050190265856 0.0396713558089053 0.429588037031277
0.00262449638405221 0.0318543310557637 0.4854513611306
0.00360676064370416 0.045584093160347 0.64039673772691
0.00246522687892241 0.0268286987543702 0.432784507870315
0.00452082135284616 0.0601373974549297 0.785336490816082
0.00297454629946097 0.0296371252955415 0.538047107076337
0.00403241071304349 0.0518933223958029 0.702767584102658
0.00274454575768399 0.0274494719774391 0.496479903513672
0.00380305146646863 0.0399997026528394 0.654336870581318
0.00359525806005975 0.0342184527472139 0.58558454529624
0.00249785126811866 0.0255709884464652 0.405804276279703
0.00336208017557775 0.0406510410601287 0.631243166110794
0.00395846455960193 0.0499294865854619 0.707724947093015
0.0032825114834908 0.0442734327374939 0.554484585989759
0.00243897735651413 0.0337858487400582 0.441256626058362
0.00433946030988289 0.0413061414419219 0.744045712087301
0.00232406874623446 0.0311272991375228 0.417789098494328
0.00353386490390481 0.047415554167404 0.607506512062622
0.00488971859491082 0.0467878687722924 0.80285818299797
0.00499173570200529 0.048871983539388 0.841745991368333
0.00428438749811237 0.0435946787505111 0.755355003481575
0.00195349598622127 0.0229335614659718 0.338249492414936
0.00428877381477242 0.0504481463512245 0.761320268955945
0.00322515771052489 0.0447636199044608 0.552251224543315
0.00290100900224153 0.0296379878577733 0.534470036333351
0.00295401105142926 0.0296203301674491 0.520172168605931
0.00233811680225473 0.0369804788811066 0.429702185669054
0.00288582311367007 0.0304951954689449 0.501069340358931
0.00387621069486542 0.0444625554057957 0.666402512416259
0.00299725871032269 0.0403913635001971 0.502609993184325
0.00299695256962978 0.0363088484393212 0.530128851897102
0.00285978765744615 0.0384048906378423 0.506716528302048
0.0036879763278414 0.043958754371621 0.675698764094989
0.00272776091317829 0.0288554243080373 0.475314092025935
0.00430314308576695 0.0593318837400407 0.7029471189467
0.0040967106890844 0.0500435315860131 0.666098287593203
0.00381611086332898 0.0464018519977226 0.650369993369055
0.0033421209763326 0.0371172571336543 0.591129102771523
0.00383087645165898 0.0456170478332067 0.692503658932972
0.00355224439738965 0.037742471698754 0.644607598370601
0.00283129194211539 0.0335568624632375 0.495131169340846
0.00456029870523752 0.05790819200782 0.749178296381186
0.00419900315923967 0.0510768066279897 0.770668551640377
0.00256752374716841 0.0298163207414146 0.462215732737653
0.00345404107312888 0.0352363771027378 0.612395840187347
0.00224224139397263 0.036794560965313 0.405294073294461
0.00354480001195092 0.0347056049137303 0.596152014093589
0.0027987699648978 0.0249164171955557 0.474952060241047
0.00448147681296452 0.0531909671369141 0.771994935893058
0.00332150396970154 0.0333488693236738 0.53662692381128
0.00483476418054153 0.088511938007043 0.899849601032505
0.00283799033549837 0.0262335576914148 0.465170228298433
0.00517294510389906 0.0605188450936173 0.904874190030014
0.00282553358701448 0.030612906917672 0.490633382513345
0.00360413548584719 0.0414718503203538 0.570931172711012
0.00470791253095645 0.0603512215237612 0.87657584519963
0.00353899993173665 0.0414928953673773 0.616579347489659
0.00342088217218179 0.0473099279639574 0.579297009915282
0.00281388980468977 0.0352852352120489 0.4542058439588
0.00321124500205609 0.04655314763958 0.565314512444839
0.00311674212858228 0.0376305962636291 0.545881803613808
0.00220255325434451 0.0244082707269857 0.387425108070896
0.00333828004633918 0.0450762554096191 0.604396560392244
0.00301853266960251 0.0331479090107084 0.506540353876704
0.00283192694363485 0.0370888691858795 0.485774612223449
0.00271337096897352 0.039229457947043 0.456539172340569
0.00254184190832666 0.0246581364016512 0.44149960959606
0.00296238318925904 0.0334821755636073 0.498934223182676
0.00381218902787354 0.0431814715624268 0.658985031793806
0.00367501797448008 0.0437209882993516 0.623484864533322
0.00318161061712094 0.0328426561916125 0.513810241305405
0.00306479061637276 0.0297163871209096 0.540874705901204
0.00412024697174962 0.0494541783970341 0.78976012766977
0.00321646115601536 0.0307204392447585 0.560923047447791
0.00320102788243574 0.0480642229112093 0.544611245173212
0.00344148710690542 0.0403358319409066 0.582176834748525
0.00226661762182218 0.0238223546288751 0.392780796402761
0.00458807975736711 0.0519304407668725 0.811650019124977
0.00298095222414975 0.0399467809168948 0.537954336444948
0.00318996225412416 0.0587077650196314 0.562280194713538
0.00304048404430311 0.0271106685762122 0.5192788610862
0.00368352368554144 0.0337464577013932 0.652902364683675
0.00305870305622486 0.0334727219967 0.540462102627168
0.00288654955774953 0.0295793520286153 0.507145054356483
0.00264162681665767 0.0276357078626363 0.457077549841975
0.00399526822392121 0.0604796238082134 0.708441088929409
0.00249895897346067 0.0259790345266236 0.435847725901278
0.00341146523384911 0.0347927446814362 0.578875957579799
0.00321320402683273 0.0374866830283953 0.562896867135433
0.00218310947993021 0.0271262490671128 0.401305648804622
0.0027871382470137 0.0287571959682783 0.467163018008851
0.00354371318804723 0.0461859248866271 0.620300608048448
0.00346334972356244 0.0416027715090281 0.614039108295526
0.00397270975964975 0.0568904227811877 0.743937226349211
0.00246210974888728 0.0255482658147451 0.426733354783475
0.00481021884504895 0.0521445657030787 0.81460978994132
0.0036655845216641 0.0625277672426302 0.636750348145864
0.00173130943550895 0.0171933719296298 0.298465181346873
0.00380862141011557 0.0375041095484098 0.626305472554296
0.0027778317983317 0.0348157710814835 0.522815581110345
0.00498050958825865 0.0702849728074881 0.904276601580317
0.00369841496679951 0.037692912773022 0.629596523850935
0.00297098243135817 0.0342178793864841 0.513698369132
0.00365434647995793 0.0560740697495868 0.597687822928356
0.00385276974567209 0.0436592642329561 0.625206533573855
0.00311088656331892 0.0357893307905556 0.506826583913674
0.00294415574807515 0.0287114227608605 0.483365276955039
0.00283388665219223 0.0273125218121932 0.499377844549753
0.00197024554548061 0.02271370124062 0.370668462694558
0.00349970826079089 0.0425766863664554 0.637081445788622
0.00222772924383085 0.0407158596048382 0.404221603271607
0.00398158273454087 0.0526516103594442 0.657822581549136
0.00468550238524403 0.0508871766843502 0.854927142133486
0.00401772501239037 0.0433375274668265 0.766952486159478
0.00261112638196737 0.0246593053564635 0.446949972809978
0.00380955883836576 0.0349868939943897 0.636563583424886
0.00431044649232654 0.0420561170793354 0.749857567183062
0.00425163419709572 0.0664781120386562 0.723572673660142
0.00310517368251997 0.0323541634229416 0.507038328745843
0.00238049578766222 0.0336554522947078 0.435479536143653
0.00320004408527913 0.032472125484074 0.527128786436629
0.00365639096552283 0.0453604236504004 0.602702650440206
0.00404730525110467 0.0524399858483778 0.743569778273975
0.00326723261853167 0.0401052934823749 0.560572053406143
0.00454362130949811 0.0593810067442229 0.771666242584907
0.00334440741013056 0.0376418192464088 0.568258746887746
0.00382764426739766 0.0353873906703921 0.66466066544051
0.00223178967958864 0.0217432818806967 0.376312761511118
0.00430613330236687 0.0539984239017881 0.817813156740255
0.00306010327992816 0.0303079855622492 0.518946756856219
0.00302833452562767 0.0353394470945707 0.499682542490241
0.00286636848194739 0.0349436637219111 0.491743659219708
0.00233802177647752 0.0245738040378419 0.367017252646002
0.00361384589151924 0.0387760837343372 0.627932382445809
0.00235462295693907 0.0232392937795932 0.377304152890757
0.00225506979630267 0.0294459644921787 0.39175427343829
0.00311402761319728 0.0392058938266323 0.501871205645509
0.00286730252748763 0.0260534194489807 0.456618041316957
0.00332969322582543 0.0460695559052421 0.566473898046785
0.00276781320520336 0.0352101548204348 0.481459502396614
0.00223322523649112 0.0263891699844648 0.395432677856074
0.00345156804545918 0.040359532325008 0.625091933607775
0.00477778765842415 0.0616649406554688 0.857416402718567
0.00482445668134759 0.0596461439880607 0.793795328562544
0.004222315690962 0.0491949087537389 0.751131697564256
0.00284415406494311 0.0296471860110052 0.522191419454492
0.00408737737343013 0.0508690261185874 0.710549904734926
0.0028230337229822 0.027858441273891 0.476046436609936
0.00282712298031489 0.0314301874555914 0.489735709063033
0.00305759275479758 0.0385924332562085 0.557911049673859
0.00231635728086794 0.0282644329793602 0.423831819440174
