0.0177510532258864 0.113242044295178 0.763221144199308
0.0116912271782761 0.0430028822536628 0.411184319860367
0.0156553207746098 0.0727756309885884 0.603798094262225
0.020576763915611 0.104859919746942 0.884654014082407
0.00934984635297828 0.0692812503112034 0.385718171032159
0.0120695370701267 0.0600904011109345 0.537034946394669
0.0171981202331719 0.0943358792333606 0.761789329271076
0.0161646760883438 0.113939682153647 0.677401976790876
0.0123698637160255 0.0684122858205096 0.510239168172648
0.00671511774429449 0.0393975435979061 0.299976238073783
0.0127747425241262 0.0749202103446397 0.510568440538581
0.0112039711163836 0.050578331390306 0.475840662448705
0.0168165374021921 0.095736155489874 0.660805300076979
0.00935311537609857 0.0365176016131811 0.369986067223236
0.00933955368964225 0.0445332515038655 0.398694905891951
0.0233675248487597 0.149891524948733 1.00281600778407
0.0144532202216601 0.0820586681608598 0.647554255851965
0.0155695271659467 0.0740840343359292 0.640716546454062
0.0192412184037608 0.0981061465303491 0.701798426427808
0.0182880946744727 0.116415393545621 0.784865708721172
0.0142092527243346 0.059675389671946 0.609948772507272
0.0158319502528841 0.0889242915372705 0.707190448887203
0.0196925262109784 0.0800388626881089 0.792847947278707
0.0147779333171704 0.0965287724917477 0.532177061321793
0.0164724322630578 0.0566971823640956 0.562671980072953
0.0135691798576189 0.076450707918472 0.622163057025888
0.0180976098297921 0.128550932884564 0.758777086889407
0.0176514003151777 0.0979224793251658 0.759584498702624
0.0173696109133501 0.10231372060694 0.727122970720727
0.0160361490260833 0.0966416789669478 0.637068901147397
0.0253965605262361 0.129314229425964 1.05655954796898
0.0101208434576231 0.0522898649013214 0.440070189368981
0.0200392883157792 0.1173295672817 0.761728648847673
0.0170932199522585 0.0937104301058175 0.724771966093293
0.0149553361462449 0.0881594185349322 0.62643975408458
0.0151918915032648 0.117968307464086 0.656410264012158
0.0165007699595631 0.109160164547644 0.581350994704743
0.0130732495021936 0.0795096181190477 0.603033555778225
0.0176049851093404 0.102129418208339 0.790789980153653
0.0198298673294813 0.110878143193561 0.842624204497405
0.0201262391425513 0.132404271174172 0.811953187047192
0.0145387955540929 0.0900542781922833 0.597337613233822
0.0276135267456748 0.153372591762557 1.04441427647598
0.0168980013261664 0.14768053232675 0.692637070158073
0.021794718036641 0.131675759241798 0.99404577083211
0.012318360300123 0.0556954084226966 0.52814112760316
0.0177878317665416 0.0796043434936795 0.644711517666886
0.0112677418098353 0.0606620966765702 0.46995140419434
0.0126681847896944 0.0712778145371655 0.561267075592377
0.0118789323247993 0.0949288575239613 0.470910872240428
0.0119492759692086 0.0613398074840264 0.479389450261028
0.0157557112764246 0.0604710018229225 0.598549320537911
0.0131831255126283 0.0700998357195063 0.548318343422571
0.0251599580784133 0.160851405604158 0.934843277013518
0.0138231089608094 0.100639941225297 0.580352701681989
0.0143141543669412 0.0552599477731892 0.562868190393169
0.0127415352962254 0.0564766695720248 0.554576853391593
0.00719938605673964 0.0415438728761196 0.346056460749873
0.0148672568514401 0.0765566644590662 0.617487816514589
0.0126889460567743 0.0627065428436545 0.518707441450948
0.0124769822935511 0.0609762756793344 0.471316421560595
0.0232728235711454 0.131746590543699 0.943153727967323
0.0120372075728191 0.0621171121415425 0.535362637533085
0.0103076918115194 0.0492869326811089 0.477001190480411
0.0117415518539963 0.0622232865578131 0.502120416523935
0.0199359563060814 0.114150085615826 0.827952369496106
0.0155015288041459 0.0838106421495604 0.624337044339743
0.018408781008824 0.133476515801396 0.864298375599008
0.0186267701994057 0.0739529502587504 0.735828201114693
0.0123911298708298 0.0831457142216631 0.561300322774807
0.0240766829435459 0.182163755831746 0.937495622090974
0.0355700959368043 0.222315000942776 1.24623584144548
0.0248011592900413 0.141424693716058 0.974119199958953
0.01349298029316 0.0684401966265498 0.583778157554907
0.0105685878929291 0.0425895856396641 0.411696427207097
0.0106231190247749 0.0561742893053285 0.463461189642493
0.0100061862179619 0.0481856125945508 0.399588646078925
0.0148502444104929 0.0660386774321103 0.619337887382571
0.0173764962373271 0.131394883127035 0.703303053719436
0.0196766306712078 0.107318723098107 0.741523135440186
0.00970154211403721 0.0567689441044326 0.386768583915881
0.0290382711606926 0.132689505613729 1.12214062846547
0.0127816653490416 0.0732151702325237 0.538878979512276
0.0160604190605673 0.0849915310684682 0.746010874093095
0.0160798421148563 0.0871379944458079 0.65546588617414
0.0206026970802075 0.188142039105888 0.802614317338979
0.0190240076460801 0.127154482297004 0.808513064850542
0.0110805011652476 0.0432792156819326 0.450413655050214
0.0289701246281598 0.114924791988477 1.12417508535224
0.0156327427101627 0.0860759086842453 0.69031660380269
0.00886383783276803 0.0517498245760435 0.405504950793955
0.00926765730119421 0.058331091450764 0.394776854883992
0.011006104027147 0.0504412994677983 0.463664165758643
0.0194514683379074 0.0970334500012425 0.847552531210503
0.0148197948818627 0.0629852017568125 0.623174043827287
0.0172345565740722 0.0802993461156048 0.766005479629166
0.0118782468249759 0.0535360934506521 0.494493917338646
0.0125615163670134 0.0921178576362775 0.548825125389281
0.0200562464562564 0.095812115414111 0.710024599525339
0.0104567446421891 0.0457093887217211 0.46671295084954
0.0151116479197972 0.095527279639944 0.590085836387555
0.0113795830627879 0.0635887934267343 0.469906602620338
0.0113023542610295 0.0554700868007913 0.503921053106164
0.0140955279566808 0.0559590053162193 0.556323144209086
0.0131863525660187 0.0716310545450233 0.572098656256476
0.0100383858242371 0.0439034230658499 0.42400426165208
0.00909106610961254 0.0491768252774488 0.414914931176006
0.0181641023972414 0.120309738277558 0.809563769361218
0.0218567315734713 0.0996542312175222 0.932312521406632
0.0181312130582825 0.0998386822986303 0.753144253300802
0.0128682252729731 0.0867537335955806 0.532274598256031
0.0168280499118392 0.0893277614959156 0.626779952622575
0.011478146396455 0.0565077324086733 0.495874703263782
0.0130258367948702 0.0584670211072515 0.562550609686668
0.0113098752801422 0.0480395640694467 0.461686036664684
0.0215328058545229 0.085910207069699 0.814155187262373
0.00822569071969545 0.0329609769052603 0.330426822021981
0.0162309263341807 0.0835243951256551 0.729468845422786
0.0124640270928455 0.0501306254740427 0.492793632662813
0.0130493355813083 0.0675776352397104 0.580617397349598
0.011706838771728 0.0519077232587711 0.490140385202838
0.0154781442784312 0.0708723771103948 0.661406313426135
0.0103861789786656 0.0513352279226938 0.448651608622454
0.0284839406847165 0.171227701962422 1.17769484184305
0.00771251627520445 0.0390539475685767 0.34735005718124
0.0094864566188461 0.0428287960290012 0.381884659577917
0.0107825158349569 0.0571215054732601 0.452974403191315
0.00855863730957988 0.0560521722990456 0.380502087556604
0.0148547137206646 0.0849665892608187 0.59422122219255
0.0217931076390019 0.0937519977610746 0.845105909529515
0.0185446381418112 0.127687973635427 0.755196439538458
0.0135596150993393 0.0902284187423997 0.558829756972485
0.0229315156209398 0.136269551885144 0.846022966088383
0.0103709386201128 0.0706307168748145 0.459071853713748
0.0165379111012576 0.0711772471774841 0.71703230921384
0.0302227907473485 0.184474663788708 1.14765323644746
0.0188118557817436 0.0789609023961134 0.699215606760501
0.00871373122785478 0.0621485925991792 0.376858383666251
0.0217115198005936 0.117405771633597 0.8102493610978
0.0161497208284588 0.0798139131603059 0.748301266533496
0.0193324200524099 0.0826475771670951 0.712257343483108
0.00784842442597344 0.030830471551122 0.339590464473851
0.0308266031526539 0.145823228300191 1.30011797804452
0.0170650592665866 0.092598515366062 0.757596097231572
0.0133767478132486 0.0494092249002831 0.541479108334383
0.00680434057737057 0.0389004448513438 0.288580750801371
0.0142578738369476 0.0553748336711133 0.56713396391544
0.0182666893490626 0.0920908961630295 0.681749439405361
0.0194317643387623 0.0806267182755965 0.701791494349904
0.0119288004462645 0.107203571840054 0.471657227970244
0.0114408947314537 0.0541116989908091 0.494590505976582
0.0161856999172331 0.0947520656747761 0.742339042604642
0.00852928070667918 0.0511126036771898 0.358612401386679
0.0331884504359061 0.176915662707312 1.34272961236884
0.0112962732620531 0.0647616715310902 0.535275404562832
0.0196070537403878 0.123943571883134 0.814443753879117
0.020927880016018 0.131571870955442 0.859019545436711
0.0197707822774229 0.0964434757009267 0.858675801809465
0.0138696501620717 0.0483759450038462 0.490349451334048
0.0117113322371461 0.0516712411998817 0.469136803630165
0.01764984159214 0.0764896545312795 0.615667437466031
0.00909327749768494 0.0477465133468741 0.41651520646986
0.0297863176766539 0.126995864972055 1.24437887657563
0.0216770460129006 0.0995533172261412 0.762491555811024
0.0114173976079559 0.0576549395484671 0.490673110560695
0.0113620659745458 0.0660436015315174 0.508775578404425
0.0133156005651608 0.0648915720467947 0.584465394246046
0.0185844880666701 0.084761898523553 0.785174732215544
0.0278660163756066 0.120842169066575 1.15203657263354
0.0425130853981085 0.279018479200823 1.66125328543807
0.018940384408859 0.0938144330976005 0.724793693205135
0.0311956371584265 0.113966469906393 1.03609350268987
0.00684606308429659 0.0349658762477723 0.333315070947728
0.010305797718081 0.0491326768911265 0.422045994840482
0.0154004881259924 0.0668948350247064 0.658103860958573
0.0361493426489872 0.148984350970668 1.17644061356015
0.0133796285728528 0.0569754599666164 0.549549246025068
0.0118081513292058 0.0533705536355518 0.495599011704443
0.0175234291713158 0.090938036084215 0.676012518135651
0.0161076170065196 0.0616449775265714 0.615894268595181
0.00675370838936839 0.032098470266663 0.297324700419948
0.0164691228464027 0.0782641657868578 0.705692605735044
0.0174710017862888 0.10605970166401 0.713202427113595
0.0127575267676249 0.046360069400752 0.510275776162955
0.0166611842364355 0.119256198453029 0.698742736743539
0.0164264380708163 0.165043828390037 0.67963271913866
0.0189559850054888 0.192219553839302 0.799369421295026
0.0116317106964529 0.059880996635728 0.503165586147764
0.0144224946315383 0.111791975218806 0.603336594040938
0.0323836620512287 0.21707590273228 1.30283511014282
0.0169859101290335 0.127635517959229 0.630414616602813
0.0160114075586975 0.082545809521853 0.749661190795345
0.0203725882144746 0.104105376590939 0.925171081937984
0.01567293976726 0.0794100960744145 0.639077537352118
0.0116127283330194 0.0657391493061575 0.506570466385365
0.0209781470588397 0.129734156386139 0.941807231328496
0.016167279554449 0.0806644122566678 0.674446642505126
0.0120084082423567 0.0577190231536008 0.524300872509458
0.0150637463570622 0.063445070681072 0.589497755992027
0.00823919536508113 0.0386046983711287 0.3711989833426
0.0254501413777245 0.159010967956337 1.04264731240781
0.0137516517159092 0.0640997010125407 0.597354019643261
0.0204023420797978 0.0854487602156985 0.79997211047472
0.0110557575149186 0.0464996741642191 0.445055429287265
0.011351109587342 0.0500613994169484 0.419463611929568
0.0187853452237828 0.163992620571586 0.801833322078517
0.0468550497835824 0.25168842248948 1.63154019909193
0.0107455073021009 0.0630978554306977 0.444421167936313
0.0192732246798589 0.101135500483495 0.752530003002564
0.0164225360530825 0.0744858322113098 0.715362220142726
0.0145671725648548 0.0622687365728633 0.614562153267034
0.0206027878892406 0.139122845217279 0.879908041229171
0.0164123643084343 0.076166446593247 0.719961138904519
0.0310045111065676 0.149744352452929 1.32174428299856
0.0186021324322443 0.0905224101443994 0.783971259756527
0.01006359087012 0.0519434059145562 0.389837698231697
0.0169990318842147 0.108615396407163 0.669783322900051
0.0123752288562274 0.0531029767170549 0.510332726852577
0.0175152026722991 0.0721918015385382 0.708453657605625
0.0119607705359652 0.0735395048039972 0.453009678076047
0.0155750689076092 0.071232117735831 0.660255620461302
0.0203699540053126 0.104799630682771 0.858532586144884
0.0159653333566482 0.0938298285998488 0.702453296325361
0.0232545917551085 0.127797042917361 0.97449460049903
0.0114882441429695 0.0491272102398988 0.501826750019291
0.0105803122585277 0.0459460143521193 0.445802645022854
0.0288666931982005 0.188823276078854 1.14567770527449
0.00837360429338111 0.0449778144815441 0.361915874869903
0.0196491533008086 0.15578215290444 0.878087682136351
0.00987197724650562 0.0508276524500323 0.435797364556247
0.0145828464541758 0.0701470597128006 0.574319229739027
0.0293143489942153 0.200339246720366 1.16183438181783
0.0268289629122129 0.152510370472231 1.05804931043929
0.0186963262612955 0.113175141929285 0.715826713093098
0.0121837063789663 0.0601831134243344 0.517931021183753
0.0191835452424297 0.156354912317444 0.793916846671076
0.017720532918645 0.0808272303591148 0.672681536085572
0.0203527035068604 0.107324559440932 0.68257814047061
0.0216338508892475 0.120267393510936 0.87362235337651
0.0222258559989802 0.0924941966349568 0.821098879719848
0.0106505679763886 0.0499107128205317 0.439756918197468
0.013518581723157 0.0589014608641874 0.58956763873685
0.00937488830142934 0.0572354018273761 0.382798978929068
0.00883273143175448 0.0491308157771167 0.381072999919629
0.0218582237267479 0.110336282187085 0.874878262543736
0.0192294973486858 0.0784041217420444 0.716210235761909
0.010232658725544 0.0395893531256509 0.411660827480309
0.00825962736037803 0.0406779358516248 0.35324497732627
0.0152771556402612 0.0688033307100108 0.620905161485233
0.00685975743569545 0.0699112689382024 0.290350329586587
0.0194823422774347 0.0847598958963685 0.812818169147119
0.0141555510069789 0.0888523294956582 0.61831130289468
0.0195151370501789 0.104933469701763 0.820541525076653
0.0155556682316362 0.0703554131179978 0.659851291048602
0.0154976823913215 0.0867699117995654 0.698947219069444
0.013757909173632 0.0505453249624463 0.526704326327584
0.0086373664202612 0.0367637925880404 0.361969524420125
0.0336385088473516 0.136745707491878 1.12903812631498
0.0130221144723026 0.0719374728417902 0.562463869814786
0.0116907459631853 0.0977536581769044 0.517658847776297
0.0122985701300332 0.0589899802788859 0.527934610804582
0.014508232552104 0.0720924711951781 0.627622038533853
0.0187436414522769 0.07128973133612 0.696759648381052
0.0218079991096524 0.142455299900714 0.971079226486176
0.0190008629544429 0.127650607763627 0.888383093956218
0.015642078653843 0.0801671949323311 0.569668423252042
0.0213774455042023 0.104504812187958 0.833871363696629
0.0130026467755625 0.0877875122095535 0.542084276444919
0.01543527533777 0.136176399698553 0.637281879951078
0.0127392757426161 0.0841967239311556 0.508817139092077
0.0148951804020634 0.0834071271909259 0.60178674921131
0.0202554752818481 0.111417067979727 0.785379227005892
0.0129017559604741 0.0581142392572796 0.563558928854397
0.0222665270887862 0.0899392376670754 0.784916683398912
0.0267123222199683 0.129062000308091 1.08296370752795
0.00933724507930375 0.0657855498124667 0.376207141602714
0.0141598125208557 0.0727006777410159 0.558119238429812
0.00960322854153322 0.0408807147570206 0.410388149699282
0.013937965359843 0.0593573953458295 0.552258695571312
0.0176523969735316 0.0799178458457989 0.750032145300849
0.0115651574716255 0.063155745182133 0.554772154646321
0.0148216007355771 0.138039358742897 0.627581599532957
0.0160276389049164 0.06848653774383 0.697581380694344
0.0184237753801838 0.10055862264891 0.794541694009132
0.0129401371022588 0.113773881194775 0.484342947340385
0.017069526470073 0.103584105601464 0.807138117917021
0.0142770276000756 0.104322557221095 0.60409606948905
0.0150240197962803 0.0833407909797656 0.642923021466624
0.015166522257195 0.0771708975101615 0.601624573702374
0.0109372056717172 0.0796369425265741 0.45833379905719
0.0137806171802649 0.0739887355230213 0.584578927880415
0.0164672612043153 0.0829035919794637 0.655055851137902
0.0120473425527763 0.0727019427774312 0.51092817737098
0.010246490275146 0.0623007471700766 0.461945704096988
0.0205178416848491 0.1155741114176 0.753526208889734
0.0113994693391206 0.084184303585573 0.498648175691478
0.0154248259733265 0.0667308265406665 0.616272264191895
0.00999273825211654 0.0478959146650033 0.407984874721303
0.0153379378297577 0.0790624609209827 0.659011255545878
0.0149380259350807 0.114620805590987 0.652857027054155
0.00673236286114681 0.0352170816089591 0.284223493853213
0.014435541847763 0.0549496394342882 0.618920131807112
0.0225433431831636 0.103626406463172 0.96021155488355
0.0133285303127928 0.0768376040374547 0.587533464587989
0.0211791888802833 0.101568248664054 0.86681227815977
0.0167607170179123 0.0914847156525027 0.669350423714779
0.0199596140829111 0.0936436499769453 0.821129483884923
0.0238873610243973 0.123322964024456 1.00845687724023
0.01238291755654 0.0556243409168199 0.551367140374228
0.0178996390753533 0.103776203904664 0.659538192017962
0.0251705205282743 0.108364219047299 0.978346011456116
0.0124858006589578 0.0598229829209787 0.512092677631649
0.0130130460961107 0.0634389330246001 0.511833100160812
0.0106937434638715 0.0476191123490508 0.456418193824461
0.015291494868386 0.0670865413860838 0.591303013608079
0.0125301412195542 0.0539967663848247 0.534048278626073
0.0146539154767283 0.0551852580420453 0.562702076544463
0.0181866034635049 0.102023746048366 0.747804824458703
0.0132494159794102 0.0548960483039066 0.549928576377007
0.0140234301263763 0.10650440523462 0.587072069346652
0.0137555039151676 0.0926762705766585 0.578422739029788
0.0139023230703489 0.053372836750435 0.570293389008107
0.00803423867937354 0.0345082593560826 0.316775785390282
0.0173652861432238 0.0644561041157322 0.556951658451653
0.0217111638116539 0.176856856520172 0.91708664071134
0.00877803269569282 0.0418002245839952 0.387590152767537
0.0301403425155378 0.187262783102429 1.14563565796374
0.0189023973745928 0.080623605073768 0.767262744553282
0.010637185628194 0.0694904542308181 0.449683674932615
0.0063066433989724 0.0280587253575634 0.27184320769769
0.0128805045134834 0.0656760665324418 0.567324346765654
0.0128021064982758 0.0636471439742145 0.57918722125487
0.0173987665327946 0.0987866267498808 0.643396949220649
0.014755784185727 0.0667528373414374 0.649820098807514
0.0144037041819344 0.0598207000675814 0.649798587670609
0.0198204521057544 0.0926965486289065 0.756568219493078
0.0123154116963498 0.074238409963651 0.57777360050999
0.0252532879662954 0.128402744180259 0.967930284562825
0.0201254941315655 0.088766179526486 0.824870911449406
0.00884321613870783 0.0425418251159593 0.37557764758327
0.00986769135730816 0.0460933032981167 0.411749601586228
0.0170263818039627 0.0934860658717298 0.654644718906379
0.0251996761855174 0.10622196542763 1.02562326277324
0.00957016974364232 0.0405719951800062 0.386089780021744
0.028192558967656 0.165015989906624 1.11117607693154
0.0135102311120793 0.0627826429519819 0.566036860705471
0.01277096822612 0.06807264488694 0.549989439682329
0.00968415261983913 0.0459356608559947 0.41439971017445
0.00973186502872929 0.0569364346969464 0.385597343503628
0.0401695349594988 0.200203228013806 1.5044298292025
0.0211064288316596 0.11800892432912 0.754199397733746
0.0099601025443914 0.0770393605188479 0.459637384917365
0.0231030041985637 0.107956964697268 1.05623871700163
0.0199532581789147 0.107892366501685 0.82004480535172
0.0149443303001418 0.0490885832569493 0.502592589397972
0.0151691501229596 0.0766078065140348 0.581516201043762
0.0146010190499579 0.0606969753228955 0.618579295256577
0.0166996260384263 0.0742971582599177 0.623139647437728
0.0172807245344484 0.0731530510369542 0.720580346599754
0.00939551353161541 0.0510641860815515 0.398622419341663
0.0137541030210843 0.0872817086850818 0.561738639463657
0.0181530805001598 0.0669476308981192 0.658001461121513
0.0180010424586294 0.114972712962387 0.85656654304343
0.0131838440070125 0.0742172694971836 0.590964247067394
0.0193962488948788 0.0984526172447655 0.767573728148093
0.0136209845511706 0.0541801724691164 0.517129160126422
0.017116480114738 0.143452238394241 0.685418732420157
0.0152780817937104 0.0875264893356527 0.636123981098683
0.0133451444297229 0.0658343220585097 0.592088585582106
0.00803602214574112 0.0376998064225853 0.319751254359281
0.0124697124295406 0.0718126128326565 0.517999295896035
0.00890313964806808 0.0507922738682585 0.371583339805795
0.027148091729468 0.129010302783668 1.15732636952901
0.0286479239892082 0.175817314384417 1.22952450261288
0.010164212282674 0.0603478719920427 0.486831713852133
0.022611367217504 0.0881585752993656 0.967032621880292
0.0225204767283595 0.160591738135557 1.01399289699582
0.0143031000022356 0.113250005566416 0.602994651135279
0.0153316140890051 0.0861018347923687 0.713432734877624
0.0115344862834425 0.0541524417479323 0.516835667846806
0.0105194887359168 0.0466774702041456 0.465737047505169
0.0176066921338123 0.10593011297353 0.815791630311554
0.0223232252094567 0.0913840882555965 0.951056625502928
0.0153301632029078 0.0899833559073874 0.624389893747111
0.0253789153391457 0.0985021304007488 0.900227387406524
0.0326871685116748 0.157856472074542 1.29174181103508
0.0179186865049415 0.0824413751248745 0.76560737537297
0.00957194700058211 0.0757954122364702 0.374195324989633
0.0099792366042826 0.0517205294078939 0.427230716260698
0.00808801623764835 0.0452703897239409 0.300118515813097
0.0165142321911475 0.0865946959132686 0.761959376847585
0.0221925153282674 0.156353985628133 0.88270005666838
0.0163626388933085 0.0674812331551808 0.683325891611891
0.0380905332969442 0.191953105158062 1.40328597483608
0.0126257721046853 0.0734359913769868 0.47291848697802
0.0154381093101887 0.0669699575734039 0.653425061504023
0.0111334283680393 0.0602867815143046 0.398125373518642
0.0140166567677967 0.0618895468964329 0.584744146583798
0.0145316968268807 0.0721006564234721 0.615924476716335
0.0113979561050973 0.0520934618649953 0.482189880139895
0.020583321294087 0.107147096299166 0.864874994599855
0.0181619795399723 0.101755061667823 0.726859276831267
0.00855419610774503 0.0381636300945995 0.383527675285617
0.0123926603370395 0.0832981268436233 0.486006979143188
0.0177492639769067 0.0803963172415817 0.779797671361355
0.00823495988538413 0.0462510466083945 0.329426773997254
0.00809993038946208 0.0313338373983483 0.355451712443606
0.016452036590706 0.0630896223370271 0.639711657790876
0.0218432013409312 0.113950151903298 0.939816781607469
0.011354790462412 0.039927912242312 0.474607736715038
0.0196349656101145 0.122199710577013 0.78562995180077
0.0121196757334386 0.0609593032616057 0.524724039521559
0.00990701552452741 0.0599186220670303 0.421716348936083
0.00929532539189425 0.044386361418606 0.391065029782945
0.0179996160482897 0.0832333815517764 0.724309928824987
0.0118800677050185 0.0704369955908684 0.488324925810352
0.0192597863212167 0.0916789256664158 0.744688080401894
0.0153332064799375 0.0832959980109083 0.629481272603298
0.0220481848167878 0.087263073797773 0.873187756364704
0.0288259146173857 0.159373531344778 1.24034831664649
0.0125186800690651 0.0853345894542566 0.59402470148943
0.0130434176445931 0.0598000535353915 0.559706081223098
0.0104461442106269 0.0503314068282379 0.428882792120537
0.0167748830303136 0.0815997398704939 0.612983304466697
0.0152781938684813 0.0949619114251782 0.628952745816932
0.0264720344912309 0.144056297980899 1.10844041620314
0.013562750566631 0.113920778286631 0.53489332984182
0.0092297820092139 0.0447677192989148 0.353938475024868
0.0131915641118162 0.0875001782078687 0.554636089498655
0.0228203531533559 0.139438657033929 0.959972880361381
0.0158781015262566 0.0902358858332268 0.597910349618471
0.00885482967509641 0.0680867137313955 0.380427667953717
0.0197091676138949 0.0917340405138922 0.804570250176407
0.0265371377768733 0.196713904053505 1.09076630421447
0.0197170631493378 0.115491645680898 0.906338828160338
0.0120789411595635 0.0552077949193576 0.505201339995263
0.0166821164150555 0.0715984029044155 0.679875923044057
0.0165689607674068 0.0827254895495309 0.715744174207463
0.0177291180142518 0.0676093998888271 0.656246472635675
0.00945771575599673 0.0457344602156986 0.368056382839181
0.0138040148630522 0.066755392127078 0.622444471416074
0.0185349257111515 0.0743993042475855 0.727788375274079
0.0131479401072076 0.0865456664037968 0.538794077786855
0.0144642528191627 0.0675497271876467 0.569291699759212
0.0128719843756693 0.0535824857030918 0.514866552990414
0.0133538114055042 0.0713248598308395 0.573267729482609
0.0172632259000704 0.0648074323010605 0.679007006616393
0.0120652096295226 0.0753248505953687 0.498636422321704
0.0192548011208528 0.0923693149039438 0.72023033815965
0.0142993766440446 0.0897182105724901 0.599244620409425
0.012326451938462 0.0548733647396585 0.54794633156367
0.0125713399985234 0.100244633265734 0.529928543857514
0.0211814520505558 0.0858847767798943 0.872876925561323
0.0137703454258588 0.118075592995124 0.566698823646154
0.0182138838557547 0.111361191326353 0.777945625837903
0.0080112277118415 0.0348577468347875 0.338544501467241
0.0149697621625161 0.0804577411351384 0.651903457182722
0.0250324995107079 0.221964328602824 0.935606342048744
0.0104847486066214 0.0535646288337742 0.459061849655547
0.0137582418194682 0.0539054187687403 0.492667949360912
0.0137608297565229 0.0602321537498761 0.538484765455926
0.0197285306659696 0.116088508687089 0.755800479824988
0.0113918392280047 0.0582565428272131 0.468557741956775
0.0196141803165686 0.111307654317267 0.810593145952369
0.0324329920404963 0.158099435595933 1.37242473873682
0.0114331127288477 0.0596545004262298 0.496805317991999
0.012542554574093 0.0826202403770944 0.553087755003026
0.0211533338677772 0.088834970496085 0.874229523432936
0.0120217487487747 0.0679851479212663 0.499586511385076
0.0123052506867542 0.0806567125448301 0.517647847649745
0.0134321395362568 0.0759471924344862 0.582340957204383
0.0127759195953208 0.0741209399243582 0.523858048671696
0.0209129848001031 0.114694645266963 0.828871644374576
0.014544932132803 0.0620409036452628 0.488887958843076
0.0177025386960183 0.137655365610342 0.664983423807245
0.0144900600342621 0.0665211095093506 0.588295643630856
0.0125191972201614 0.0523626870811207 0.517894809982341
0.0170434809959372 0.0645595983181173 0.642535158164129
0.0117534284510126 0.0591125911767335 0.489310820703221
0.0176830245706945 0.0990937254403521 0.828130124540219
0.0138698087185264 0.0567075547283662 0.557225320464766
0.0197208180584588 0.121274271778677 0.849209460683816
0.0162164428724042 0.111188070445807 0.698666304479156
0.0191262399561689 0.114834985858311 0.811678384328315
0.0253540000054239 0.10561547460395 1.04591840858233
0.0179821795454369 0.1002888600873 0.795801406828065
0.0195834888216554 0.102655185895746 0.847595601340571
0.0128847482149957 0.0509567429418053 0.5225731038012
0.0208556286506688 0.104877049615487 0.845934505146223
0.0177077129728176 0.101731214179216 0.696710336075581
0.0154224685996889 0.0702359647403713 0.584786240579928
0.025313221037084 0.160428498802499 0.960224725600725
0.00980281873487728 0.0814231590619414 0.403308085239224
0.00931456796854984 0.0544563754500256 0.378785803072962
0.0122833733254572 0.0656412073736535 0.477183696260927
0.0184325324033232 0.0729624655901845 0.66361573646452
0.0299873803254099 0.154734694114791 1.09685209413509
0.0218563699165866 0.0910769794425675 0.770478811558566
0.0284924972840065 0.192726200409417 1.1896732270452
0.0133208742476577 0.0758271432191562 0.518581183997368
0.0116102289815381 0.0484262933220367 0.508509757618522
0.0107630723654388 0.0755761216237094 0.384311973848384
0.0102926777018682 0.0595362224340694 0.414038572717507
0.0181461304154588 0.105644654167614 0.793205172669857
0.0138892544803018 0.0774520201766463 0.573745192776556
0.012802978308692 0.0529065497931368 0.537937385027899
0.0134293844320191 0.0629552907831674 0.593796765302043
0.015401325646062 0.06831236964951 0.5943295455132
0.0160270047706267 0.0808935831406125 0.693040863186005
0.0142066967126288 0.0720263395976138 0.642020421822383
0.0149453438441613 0.0800465417937883 0.667644641147727
0.0105407297143239 0.0570518461425917 0.407015447820608
0.0108569143259254 0.0616469373373064 0.486560373996324
0.0134273533521165 0.0750204391885259 0.515122472853528
0.0211608201030284 0.126841861113841 0.909736089580008
0.0119815799693863 0.0558553251559195 0.47443139730071
0.0121981805920168 0.0691177463166556 0.512294459614648
0.0146919663321579 0.0693104208219554 0.587888891998888
0.0107937931745748 0.0472119773343217 0.460641248917137
0.0186113387694418 0.0835086656981181 0.60603290599699
0.0160549443239463 0.0810476482877143 0.652632286693608
0.0194055357701094 0.111298763122639 0.837860507239226
0.012402947547216 0.0567950191868372 0.506781131331393
0.017124431027232 0.142542327508295 0.688618812271067
0.0167136262782935 0.0747558534356367 0.667363031040289
0.0158614810736219 0.0694180849624887 0.675026660276977
0.0165597359005063 0.0846228923199454 0.707296698892354
0.0104651654831102 0.0490537352628614 0.454797740150021
0.0146407869320651 0.0798120097163201 0.661044320773987
0.00995366343987222 0.0446323357437813 0.422855125105369
0.0142280265795882 0.0814181325479283 0.608356780105141
0.0144372424784612 0.0659467127151145 0.598782014449442
0.0275743980531535 0.141974949885567 1.11038869059244
0.0101893811552987 0.0517701228260802 0.442538091569959
0.014807647507321 0.0714444127549853 0.649996831373294
0.00894307126261685 0.0386422635674003 0.383373849185334
0.0106154478656934 0.0433551180130663 0.453347876523052
0.0120922365747337 0.0877001513200888 0.503879503158188
0.0171100284041991 0.072615270267417 0.683912423733433
0.0140295988590043 0.065952601837173 0.592906701562707
0.00975561207361632 0.0435667064183774 0.400956895958158
0.010651708684531 0.0476064145766252 0.465235149710848
0.016573943904663 0.0727310014795284 0.685884869707773
0.012970699941582 0.0521559162045666 0.545177685989683
0.0282393799091056 0.145618627972608 1.14163257756606
0.0177551711014418 0.0818189679646576 0.784787713290417
0.014799368002397 0.0835216553536656 0.634851451980864
0.014641115336089 0.0872592110030684 0.622711559982934
0.00832948752822271 0.0434920984429815 0.344357229032088
0.0267681676296393 0.156831432084909 1.14045478631376
0.0143195997556645 0.0741195311475219 0.604941939169367
0.0129179647242568 0.0664003306571967 0.553652413254851
0.0115952984527074 0.0544529193768965 0.487336620831157
0.0115040090564589 0.0634408899216472 0.453241017373498
0.0195807321026591 0.079881245680106 0.773980703763154
0.0214979020399943 0.126901790501207 0.803694391200346
0.01825119665017 0.116246589509018 0.754806117974403
0.0121517407073034 0.0734570647780696 0.480818832940019
0.0125432872769793 0.0781818966077575 0.563930030405593
0.012195563422867 0.0594638578559796 0.498188215547821
0.0142145359665829 0.0673310938409863 0.605287473943175
0.0137473512067314 0.0825968851369725 0.553438424756747
0.0113358611141565 0.066081520303261 0.488343267310168
0.0253353144307632 0.093053031146176 0.942505204390544
0.0232829434498239 0.213695746288776 0.969896752918177
0.0103467337771582 0.0508052307570468 0.379759182552817
0.014270359411196 0.068329470649906 0.556116491864749
0.0125750577079957 0.0732635871214656 0.536200920881769
0.0134918158821859 0.0660658241831031 0.580067710930181
0.0215258421915293 0.0856462279184508 0.809891604151843
0.0117237288813029 0.0687049720918451 0.463243851360067
0.019448991513104 0.0743981337040493 0.634012940632952
0.029784402267365 0.2914343000127 1.24681829738436
0.0188593421288366 0.100402975271417 0.796299867314625
0.0165958788427777 0.104011089945144 0.660253947560047
0.0175014453387091 0.0873068430754344 0.749246821494736
0.0188771156589345 0.106000801698185 0.679339372627087
0.0249020837337373 0.121856523526252 1.06449814572739
0.0083165813988025 0.0512536854860574 0.390830838903396
0.0173420227049424 0.0717484503825434 0.726199102313689
0.0240810777952961 0.132298845260348 0.943774511719504
0.0164805347931193 0.107996578891368 0.678592880015327
0.0135327388431935 0.0566819297724802 0.576943026793975
0.0245207393327595 0.139979002680796 0.809834495455175
0.0152176755077495 0.149799219079056 0.575320772102941
0.0219761923214072 0.0921196022202138 0.882752659130856
0.0166352935295403 0.0874574364906962 0.762829499833926
0.0178108065297846 0.0969093213249425 0.688545365530788
0.0156455937652706 0.0724684516809438 0.676766141779634
0.0148942377899894 0.105823332752744 0.701344846046736
0.0197280200252661 0.0887844787383198 0.828736808678935
0.0241438262135302 0.128962315701047 0.994639363505313
0.0149290065068145 0.0871610324085086 0.629486802513438
0.0196193840284221 0.127793330620386 0.7912838818862
0.0191492501450675 0.111346672765663 0.815840043701731
0.0168401248744422 0.0953193552430787 0.647101578123286
0.011141312125276 0.0554050210240763 0.485285888550884
0.0110784473280147 0.097539535201602 0.390168922601292
0.0246500539263924 0.106421681036212 1.00627680745448
0.0124484486558318 0.0668256355526955 0.534043280152445
0.0152554398097648 0.0671637118196237 0.637289028477648
0.0116762943773083 0.0686433968874033 0.477089389226536
0.0135298408569111 0.0669248120838526 0.564366409874657
0.0174199888263993 0.0863739038708655 0.768235604117487
0.0123203580851288 0.0619325968495147 0.544676801612338
0.0144890651802899 0.0865866599804946 0.62133880713196
0.0250147836236337 0.142355582591539 1.0812544651449
0.0150803286726592 0.0762127994287586 0.596133462412152
0.0362736522989388 0.163299418308533 1.46215820426336
0.0129947957381357 0.0850569156853271 0.499342970916715
0.00862964727114564 0.0498547150528233 0.376761873333841
0.010535643321588 0.0555575734223237 0.435948191492312
0.0090992619315297 0.0513090377947325 0.377205773210134
0.00856914113382073 0.0521490375007876 0.348188452763285
0.0124989816923627 0.0550931349789753 0.479736478618197
0.0485706503387429 0.2249660113 1.7671952214254
0.0297678789622524 0.195596989771515 1.23922371833316
0.0142096147791524 0.0889171546381486 0.635878299818094
0.0133756627097231 0.077744344576835 0.650290258688928
0.0107320341373504 0.0541926157932975 0.48079059098151
0.0311974168775898 0.174287564984481 1.22837101520775
0.0114583620248881 0.0584697660230865 0.54367582159466
0.00980404552672307 0.0444585056060092 0.428996333732123
0.0124001549133162 0.0872703456818481 0.534877390460649
0.0204770693619751 0.0875279971925187 0.766823418748604
0.0182479111371735 0.0724493963235038 0.72254041626983
0.0123113608531515 0.0705104397647954 0.501725858581646
0.0140017160422051 0.0497855596701673 0.522029849084665
0.0131936231066849 0.058377345380992 0.556683975058767
0.009892044986635 0.0474115344526734 0.455150541029645
0.0224558813626089 0.0896890176456929 0.835596328592546
0.0148259936201213 0.108791312622796 0.637925269960434
0.0143562400157247 0.109040268239459 0.584522176127643
0.0114561630217475 0.0436831271707294 0.368348015215723
0.0111444946631807 0.0716560162663282 0.455069931702577
0.016271180124127 0.0998810610328625 0.670485678633925
0.0160234890932243 0.0914899888366386 0.68160254595666
0.0215020673093031 0.133424175105852 0.876508502141181
0.0113181565893355 0.0551513993409797 0.484341331572416
0.0121090742729929 0.0855496152596403 0.492465295430484
0.0157431227991674 0.0649811191106198 0.627818473860691
0.0159548145577957 0.0851102279637252 0.675148278761863
0.0110540124433128 0.0603599373710147 0.472046285469609
0.0163981254792695 0.0953332107988496 0.791670851037702
0.0134956378151427 0.0750830572115111 0.572591474331372
0.0143886522500983 0.0539392662059243 0.571559944466106
0.0119097124068167 0.105233103530458 0.529075862488598
0.0384620747737505 0.229404217920399 1.59384957611256
0.0162733748212269 0.0942662524680996 0.718602183054278
0.0121133520541107 0.0517518805487338 0.487151012761285
0.00818332423557975 0.0505945135104861 0.353930544205458
0.0159397976183943 0.0822596564553205 0.640197846290425
0.0175423139801608 0.0807930136753059 0.685751841751488
0.0178475050423842 0.0904113917854275 0.782582118578679
0.0130390111606277 0.0669194874166748 0.571973877326324
0.0243071427077543 0.0987272477937241 0.911973691201544
0.0169259447852079 0.11963892645303 0.696750191892428
0.0150683105176512 0.0655036040920648 0.562345842341985
0.0146124165574836 0.0694247549045353 0.615860984421556
0.0340384577600065 0.147657360002722 1.33445614420422
0.0203283757409477 0.102312326340137 0.799439559687904
0.0153555474546723 0.062420251755329 0.538511879751966
0.0123966003392792 0.0666621488252392 0.485664209644211
0.0163915198215456 0.0717777227663351 0.655601503876491
0.0182849339647759 0.0896836741355664 0.72721001495234
0.0152665297608714 0.0978101812050991 0.6015839722671
0.0137081663336407 0.0815993515825903 0.529350692412519
0.0312316800235186 0.165226144635272 1.30907330416073
0.0263500392157218 0.123482854681458 1.00587216682915
0.0139939267036191 0.0660137258279605 0.629398264471605
0.0126330028988641 0.0542712671764796 0.519458677338875
0.0214595790635856 0.0847850908711276 0.86459695833316
0.0258573624690843 0.0953230504822698 1.01382481162973
0.0169953497090568 0.162256064448563 0.668733545790461
0.0162373999357991 0.0841129821125041 0.627010325243849
0.0120482758928382 0.0588230787334553 0.541234075219365
0.0110119532471438 0.0579715752798105 0.510880243652184
0.0142005091610428 0.0739244430278046 0.621817157114779
0.0261637103800661 0.183494465505936 0.945231647766043
0.0185610247730653 0.0764440320044095 0.728890915287609
0.0172584740575859 0.0800484305785064 0.752771719791463
0.0151693253670114 0.0782236693844802 0.646317934890449
0.0136689958533256 0.0719804600186268 0.577343616165177
0.0109564923241062 0.0616939342074074 0.537253508552957
0.0109079225650066 0.0521986296695 0.496492761204177
0.00677344789405375 0.0345396328896361 0.32460633910099
0.00838165470761088 0.0360584953795915 0.36721277321462
0.00760878210201987 0.0707008946289785 0.340482319372441
0.0127730631255874 0.0460121821951972 0.518877511173957
0.0129156266533389 0.0657409582285396 0.548551990183044
0.014615955667297 0.104476161009966 0.667671261171707
0.017070117984593 0.119478831936881 0.73065123826737
0.0170604018726553 0.0754167911409737 0.719255351002518
0.0145419323216972 0.0969693027962411 0.605508764421354
0.0180604856481243 0.0713301545346944 0.688122943370653
0.0130826431017527 0.0662594661100647 0.574486896471852
0.00825886376919091 0.0458256768914362 0.398422836147642
0.0146236620781198 0.070962364075849 0.560931501804698
0.0084579444109255 0.0490776728126565 0.337570421209081
0.0296296006701807 0.254750699038433 1.26029840696541
0.0105958699545121 0.0439929062740651 0.374058521279528
0.0158097207745003 0.0903918092673502 0.678890135146009
0.0185608206125213 0.0967366123331901 0.69654629143923
0.0177427078080421 0.121180506124635 0.739266791948397
0.0210720387335777 0.104283456829327 0.842587459008811
0.0325972244189567 0.16591560048956 1.30643561839975
0.0257801532920659 0.149390555893192 1.10970648559872
0.0108379565694037 0.062735390545695 0.406493027412867
0.0130829714966411 0.0727304170841187 0.544069839829125
0.012384676054655 0.0757255622340856 0.58644878885848
0.0140491332173458 0.0787931641590595 0.505486655472237
0.00946004361022017 0.0349989646601261 0.350996063851761
0.0124935952111692 0.0634900852297306 0.523738598752967
0.0186361182330755 0.0955817557562654 0.740480878405456
0.013939646534457 0.0696461964798205 0.606942640975883
0.0126804153575815 0.0529122857084656 0.522330626583603
0.00825387442453641 0.0386966450704724 0.357966088709037
0.0113607995208424 0.0646155708415236 0.480136613906642
0.0123671577100411 0.0490162133640972 0.448961129313218
0.0218424147921811 0.165731792333279 0.910129072615337
0.0213657762521067 0.0939379278641607 0.873269462563477
0.0338080154062649 0.197627391497797 1.54173832743392
0.0261758343052961 0.159926547481464 1.10316343270506
0.0157481410359425 0.0586573906456013 0.60144359526743
0.0156683392457574 0.108947335850862 0.658476645043418
0.00704282441080572 0.0326500770694361 0.282169004545244
0.0161468640833633 0.0591030903455317 0.564165225012732
0.0135060226776424 0.0521989751983948 0.517391902592636
0.0177051265472847 0.123776125565981 0.704204924485489
0.0163530229598994 0.126673659662694 0.604036967918067
0.0216613656925958 0.115683265377261 0.989361809417696
0.0169830621576573 0.0724180225376299 0.710511055781983
0.0224983843868238 0.123661579618255 1.00348675542024
0.0172290504226409 0.107874714580511 0.712418857047923
0.0148147012258919 0.0700148733387464 0.6313487785535
0.0224106953530665 0.12717071554751 0.931766554858334
0.0314902241913708 0.148022983378305 1.10990953584317
0.0177169692254952 0.0729938136315199 0.675430028126814
0.0117539498686703 0.050845051081535 0.485566659648467
0.0120320429040694 0.0609348891511545 0.477788343316361
0.0143434144586856 0.0694455720178649 0.543703715464039
0.0163112167451902 0.0880916320892189 0.727953703510717
0.0168305970257332 0.0960936962043739 0.710215479050897
0.0128959234603561 0.0752466716089956 0.579827482448
0.0220391679706719 0.0962628615669795 0.932302197125702
0.0160317413612522 0.0677773331231864 0.627565655516859
0.0161756713051287 0.0877258838546006 0.695477163078934
0.0228683821548108 0.119838022138617 0.901671295391652
0.0125698130163231 0.0698844999267339 0.545589241264375
0.0163630423822923 0.0704105980803714 0.615377565859018
0.0130458617893212 0.0789779989150975 0.508517165149584
0.0183302007633722 0.0876938680301547 0.676291466874541
0.0120124834572519 0.068931969652833 0.523071091776962
0.0264154963985086 0.0911497107153144 0.849124945253774
0.00924192864996803 0.039679954654215 0.373516760523672
0.0269750667405587 0.120208998758815 1.06661534515885
0.0197532624774379 0.0894440334212835 0.820297513750556
0.0182923178940177 0.0824976747942982 0.721839049982572
0.014839832069546 0.136057108254733 0.633061521399616
0.0169200476546875 0.101532757011274 0.759693186347543
0.0154624296892747 0.0989638015587635 0.569409056272156
0.023246269653426 0.141225193633631 1.06582383718167
0.0194962080667169 0.0801884587159088 0.700625796620731
0.0180667887322744 0.0644570670310786 0.636285427328409
0.00899704083762386 0.0360498871973065 0.37708913719407
0.0165225152649693 0.129945171133374 0.564127745602362
0.0162077031511072 0.0707809364527999 0.675058755377348
0.0133885320463754 0.0729247429473341 0.587153003747846
0.0204295187571349 0.0861126266619974 0.834652770469703
0.0131899618837387 0.0552972716298819 0.524853788629124
0.0119578747359408 0.0643848257746516 0.451874018945674
0.011660080158749 0.0593204604518883 0.530059054817927
0.0167146462947412 0.074910594797095 0.747968473591386
0.00750158732865764 0.0363947262848668 0.329708830337734
0.0146950157039635 0.08935488559045 0.639263999434172
0.00931354418303452 0.0439831612383272 0.409264087939367
0.0122490263047582 0.0654463202342107 0.508842784666603
0.00953794372391113 0.0732569145158913 0.430998001064581
0.0139716338575505 0.0689955304612096 0.62972325699165
0.0146846027661524 0.0587459845945547 0.620308370493311
0.0212941162888097 0.111120056394747 0.922360532950833
0.0367336896745482 0.138496487674723 1.22781180086988
0.0190793019176981 0.0942649289938833 0.82787353306616
0.0114259669064754 0.0445454129763052 0.458078504072586
0.0176832701177942 0.0948411190087619 0.628310553408531
0.0101272904614715 0.0417717326018272 0.397046595610518
0.0085598679045481 0.0638355566612612 0.365951312632326
0.00969143687353612 0.03322357891593 0.3531116211126
0.0220315656140453 0.0969336603281455 0.938122875908559
0.0224488057603534 0.172465409053304 0.845847539714252
0.0153843520239323 0.0667064240079115 0.659296054349799
0.01243014474293 0.0792382394373623 0.59238590735661
0.0161101271253845 0.0751589171160962 0.664790774907922
0.016606528405958 0.0807413022676645 0.669216723059531
0.0551371699950321 0.313086517783195 2.14445485910557
0.011566306599379 0.082463251387871 0.495978554841862
0.0205532338707164 0.123979571366106 0.841201018083637
0.0151199034545432 0.0790364008534913 0.632164176077523
0.0186014897565604 0.106017987445206 0.718003364270514
0.0247127285980921 0.140305543473356 1.12941754737692
0.0105728928953265 0.0499289732581185 0.458921394677111
0.016816664828314 0.0709191877231437 0.653043792816209
0.0112125782989666 0.0500011166448105 0.46885559098215
0.0103015834272417 0.0575172432605355 0.487656172781899
0.0111893320183446 0.0662882062209119 0.447323740767275
0.0129298938225072 0.0558187390722114 0.467444895050109
0.0113759589609684 0.074655299245389 0.456117694269861
0.0224790848013816 0.122650685900919 0.982893080588114
0.0144209778450247 0.0767601759628754 0.613911042519489
0.0392995659519177 0.231948204237695 1.68974996398464
0.020959305748297 0.0914996498705941 0.834018479734876
0.0103089205234286 0.0578972432190507 0.448807631622951
0.010846380021119 0.056273799777665 0.414548284151618
0.0142979928225932 0.0608794574169233 0.598402596386844
0.0171651069153903 0.0639205588749161 0.638808714780029
0.0181350434973384 0.0936620727955131 0.728201677985425
0.0154575822133613 0.0704270411092579 0.665497993493864
0.0160254868426415 0.110377372236811 0.645718872279856
0.0131157738433819 0.0471143022490361 0.472476645119529
0.0136535980248572 0.0924236127847458 0.544361311214477
0.013765068101358 0.0632856976323879 0.504498565596591
0.0217409052556535 0.110527483458224 0.851810264577867
0.0112047544471291 0.0632472384147565 0.51104253530128
0.0126305941556509 0.0627180585412688 0.51026836937076
0.00892529940991852 0.0396351189492744 0.35980408720771
0.0208623656620715 0.0911836483490536 0.81509494495161
0.0127438560230134 0.0898706519551031 0.54824776410571
0.0262624875254711 0.141577099526165 1.07163936255547
0.00837081321109266 0.0422837993603807 0.364739964003017
0.0185569694514615 0.0984089244805822 0.72136255413263
0.029619560881697 0.227817784848592 1.17403720828603
0.017441834333106 0.144884518676028 0.746465859160964
0.0268101328449749 0.138160121688957 1.11527299854928
0.0164218172431546 0.0828172695680967 0.618825870055152
0.0106714400249423 0.048518914969941 0.449726021535905
0.0146930308871649 0.0769023167503425 0.614804024014865
0.00917214560157499 0.0423608657687633 0.35805675770442
0.00993237470569189 0.0440492750767587 0.411158282385645
0.0133757390474295 0.06773726334735 0.591669705016882
0.0184004175250249 0.125930567518962 0.847503229130798
0.0139627004945564 0.0995394967488848 0.570302273755552
0.00890922849520259 0.0489994918895766 0.419241489968357
0.0118920848126544 0.0723224823824504 0.496367326564015
0.0142469323853266 0.0857877087342689 0.58566699239226
0.0210284132865199 0.0910031377535738 0.782589240046301
0.0104464790078465 0.059502730163717 0.484147452993331
0.011585947043309 0.0483208653536453 0.463183664600104
0.00895213189977592 0.0442303612547169 0.376270622068371
0.0281262735746664 0.173587994194005 1.26572453514545
0.0100110755272388 0.0507965749012133 0.424544760887189
0.0233789742228902 0.110187867516283 1.0152312369033
0.0137875056967203 0.0772236179347271 0.571592039473462
0.0137678864155669 0.0659694226536958 0.540542467160459
0.0177323235107619 0.158757035354544 0.738474513528713
0.0140170304763662 0.083371706349422 0.524001307592687
0.0164157908398834 0.0749287608559576 0.643387909693821
0.0213055796779118 0.0882171652307698 0.756299090651137
0.0121380484589836 0.0610553576277808 0.509046960783174
0.00970373950942829 0.0393229846108719 0.398179958991372
0.0170212548684903 0.132433800522947 0.733322572071541
0.0128307284402809 0.0610909212893071 0.522144873085425
0.015100852522365 0.0782669267050194 0.650471464650197
0.0107387509646009 0.0592805430522683 0.449981170301432
0.0496984845688805 0.17962759986845 1.64008973991938
0.02178491330814 0.0848460775598407 0.750105364761722
0.0114215645314229 0.0579477166851166 0.548908728058945
0.0315662139124558 0.132707399095449 1.2150070439131
0.0136828861563182 0.0633756534507007 0.555112502551736
0.01634238269755 0.0698638389591384 0.662479408093089
0.0163281895917962 0.0778335759882564 0.695768613915906
0.00987107490787686 0.0487881788007336 0.436525021130141
0.0263893761687811 0.116567730043745 1.04336850406986
0.015380424565836 0.0685681961652397 0.651011365550378
0.0132237384670386 0.0733336391901811 0.535294431535762
0.0224650626885667 0.133254815690079 0.821092222130583
0.0133616358536887 0.0685909125430404 0.536023182143215
0.0222074882385332 0.108269893372852 0.811842394811872
0.0314544456040135 0.164837934061755 1.04102365672958
0.0156522133856147 0.125670289423817 0.631495279854836
0.0166080844362674 0.109426543204753 0.742066379029743
0.0116733947104907 0.0620165680559247 0.473124524476622
0.0223491213670546 0.142606020560974 1.05156550101786
0.0242831666745916 0.100895616401966 0.982793425248878
0.00838613193621937 0.044373835585328 0.365103059807249
0.0134624153273726 0.0715652749003138 0.57810206097883
0.0147197029366287 0.0718038511817232 0.522625235487804
0.0107491899853657 0.0621952536652001 0.465105080937549
0.0112174388582651 0.0832355764496152 0.441910331715442
0.00762467432891309 0.0403965994923146 0.32202035809595
0.0110703739762163 0.056660184658071 0.479957952692642
0.0228228639418973 0.118656635904736 0.828996782006458
0.0110478832990437 0.0564959494783782 0.480268094475887
0.0134364575586539 0.073323778476487 0.582703989678598
0.0152430626057192 0.0621775732688322 0.622159012247981
0.0106914857378911 0.038835940839984 0.385651594397061
0.0101710213334065 0.0442064109210169 0.393463539245459
0.0162718492055872 0.0897320044601261 0.741623162405466
0.0185500162832869 0.0865404751556309 0.752702735312831
0.00999046655948381 0.0459597826643574 0.39839781025179
0.0202746647181007 0.109997880117327 0.756224324623582
0.0140836701003814 0.0604899095409496 0.498756024729131
0.0185550376414536 0.124034670207282 0.797681045401315
0.0129540220211522 0.0757034195544591 0.506280718031439
0.0131482638240916 0.074885471451422 0.589171801520855
0.0203992533607221 0.124859708656242 0.836225092446609
0.0101306568236392 0.0474701212644515 0.425049699389357
0.0228966697104729 0.161240788816301 0.986461772557235
0.0138698344995422 0.0740141840939807 0.568627552398868
0.0248621306253859 0.131627024564398 0.979410646557503
0.0139444821597119 0.060385454615808 0.58417930783892
0.0131698745059711 0.0688567268248464 0.476756115004982
0.0169116533013147 0.132333241997543 0.722517356500866
0.0110341227468345 0.0679500800492679 0.490853835110239
0.0153602242861962 0.0632090937839447 0.5340362387049
0.0144563849262638 0.0770994894217653 0.564939686543706
0.0112041439580438 0.0595334144791156 0.497391768625518
0.0233528598379181 0.101618217049688 0.961868940147524
0.00881380115201069 0.034471019460741 0.338404548512311
0.0131537195974965 0.0492545950455434 0.520243234478969
0.0082589397621654 0.0439909581051252 0.339600899324248
0.010572488638409 0.0593352784483464 0.435056906977911
0.0104522971308494 0.0546874014370934 0.424508949599405
0.0218181759043416 0.103973253132983 0.893198557631603
0.0192488171929661 0.0999675210279941 0.733222674506636
0.0211127458338411 0.0728824936453097 0.81540280764981
0.011098691350029 0.0573889347383613 0.475580121218291
0.0168321351043048 0.0946225468358155 0.697504384094764
0.0111535956742229 0.0533070991154943 0.508837610642851
0.0140523086844096 0.0874427594454386 0.667161543595926
0.0163787785902781 0.0774479753805158 0.628845569854361
0.0238162355304687 0.134622151550849 1.02710248923857
0.0125870661374268 0.0520234066962304 0.549069355851721
0.0267826139769681 0.114916129213175 1.02873756016884
0.00895401209198888 0.0371540598177779 0.353948872421432
0.0095731124606635 0.0596561365549175 0.4053169485633
0.0194364800947508 0.0848461180685538 0.828312520926011
0.0196408251771926 0.0994353633399115 0.822918446303936
0.0166149384197696 0.0887911479996956 0.649884627366602
0.0188669321372603 0.104442177704506 0.862296779427943
0.0136965481758574 0.0725963924301139 0.55381449189231
0.0155830964201291 0.0781664557098939 0.565408540973852
0.0114628360327129 0.114872705331153 0.490287426810779
0.0315388818795569 0.15139123831379 1.10192774263137
0.0132966913891431 0.0585289774265745 0.51269886098884
0.00833647997015646 0.0383939345670489 0.374188210770005
0.00811008514861209 0.0473941464478272 0.365121488123107
0.0167475948365171 0.11392409536665 0.719055512450154
0.0224923819954543 0.0816425834103063 0.801004134215222
0.0203665325493555 0.129236396538337 0.801084136219262
0.0129107924837659 0.0654100392642656 0.525393673747138
0.036884987984201 0.164213682282975 1.37285496208909
0.0147167036495867 0.0606662441706796 0.596180591895009
0.0229703631752876 0.104439818725758 0.842384695750669
0.0101857618262305 0.0504223822878432 0.347547823193431
0.011140873741806 0.0720096554721074 0.528759707437709
0.0135520272457873 0.136440853265518 0.554168116245324
0.0100232486009236 0.0530038498537935 0.406931098440814
0.0104470040788162 0.0483565005162768 0.402142262741505
0.0213216734411747 0.0862414923614263 0.761038790276835
0.0188216669824874 0.0876079645137241 0.730425745783011
0.0192065816072789 0.120080293604409 0.847899505122983
0.0126740319118707 0.110906313982123 0.518376511391623
0.0239638483351847 0.123282705262351 1.00898583591072
0.0106059579260476 0.0494820540400792 0.388851161675389
0.0102996593278098 0.0657317778784665 0.434748128569549
0.0110591189973729 0.0638498045464094 0.439129109745787
0.0161625505374644 0.0827828928250234 0.639634988564289
0.0236686735172825 0.130263720077359 1.00359613931287
0.0152680993794417 0.101577063003159 0.668126215590542
0.0200957618398328 0.116196462887718 0.887262089720044
0.031624767411032 0.120164737161096 1.06013997040589
0.00716888480440419 0.0404344034625981 0.287582436905361
0.0217592646721032 0.0795537445798082 0.73687104285469
0.0206696289666387 0.118125010677563 0.943556817128928
0.0110440417131627 0.0668913586085606 0.426249313254604
0.0131501168690419 0.0636193378693297 0.546035846961204
0.0179389957407094 0.124861488822174 0.68838045561359
0.013805115991167 0.0697426416722705 0.597159104079309
0.0121233374331894 0.0682008554860194 0.534608312183966
0.0145188739263071 0.061578107784987 0.54779943858805
0.0220892676491613 0.0993951502865666 0.898712463968195
0.0138203862807198 0.0718320727213019 0.581350492713393
0.0328458973434971 0.136697129716334 1.27917299872505
0.0104105875912733 0.0551321157250686 0.448787276130348
0.0147637276312939 0.0708792196667818 0.628201379029802
0.0343101847584219 0.19007131149573 1.44620387499999
0.0255493863598917 0.171853333592758 1.07717824835198
0.0212953998916655 0.111076715142344 0.909800327886172
0.0136584868935475 0.0499819930480177 0.491400120416947
0.0115427062521481 0.075875988185337 0.542715271089779
0.0112865057967882 0.0929409680219929 0.457475761529433
0.0124778317088469 0.0683572052081577 0.510867311552721
0.00726746710392509 0.0357282739648982 0.301860903895483
0.0173398094126277 0.0785928937330518 0.695995223309999
0.00779378000830261 0.033289702117061 0.332597568503234
0.0126420903687129 0.0505693613381204 0.515877865857115
0.0105719966805693 0.0869683851298054 0.434601081358789
0.0135002592006875 0.0818284270668048 0.608830362839044
0.0311944794420161 0.139868884309358 1.34093262895176
0.0118418900347876 0.0607997290902403 0.476204744540127
