0.0141372563859359 0.0796228219665658 0.787045154314487
0.00946184378618854 0.0429968773942374 0.441170362630381
0.0108277850094453 0.0724175730227693 0.568544792174374
0.0160204008181805 0.107396756153277 0.891956557368654
0.007492028171951 0.0423699904828257 0.398172026677882
0.00977693435358367 0.085726660065167 0.578470517442927
0.0137984690490259 0.0682997122691322 0.793322699615177
0.0131796838754303 0.0983414612255783 0.724515023527688
0.00879391582555173 0.0495451314988619 0.465599194264363
0.00529164366549158 0.0469560861786005 0.312326040665601
0.00996315714437408 0.0460188407546863 0.544597583188295
0.00941387577355893 0.0792901469762791 0.521016946814482
0.0118069875501421 0.0891323802136349 0.60914978105293
0.014098119811309 0.083780574152466 0.726477697305064
0.00760005125428746 0.0484177142328815 0.430268958281677
0.0185486304533221 0.11149248736459 1.05336570242277
0.0112252515273508 0.0928448766484751 0.667889843144673
0.012594116745609 0.0704489413888789 0.690202773998695
0.0109637308579021 0.0599756484714303 0.621830077283599
0.00845188616969519 0.0425632661639807 0.461478993907485
0.0120710885164666 0.0586460506351448 0.60336260522097
0.0204231911959595 0.12160551360421 1.09914944762818
0.00833265757691146 0.0506368958059143 0.445950263005258
0.0172360246202206 0.107085413908132 0.919731530965715
0.0153718884027852 0.0905555661542802 0.841609605639437
0.00880090454162072 0.0516279622216444 0.506589035615271
0.0142037568682992 0.103280563102337 0.81123708808299
0.00993277819245827 0.0649403320798202 0.568718424652284
0.010086249236431 0.0495075901916075 0.520673920941155
0.0117184722921152 0.0932339683265995 0.604631550066034
0.0195827640300356 0.113088776068048 1.05842853502537
0.00812424546629038 0.0436503220800822 0.451071460676815
0.00695636562361562 0.0355826883601914 0.355374498694357
0.0115218366245338 0.0694508483335665 0.647051764584505
0.00870636290143289 0.0472196705358991 0.513502111327402
0.00969732123293584 0.0454055243979922 0.548540776680662
0.00945284541182422 0.0525051027284227 0.519620528692684
0.00848280750572425 0.0736872399381254 0.479541087051824
0.00731499942675368 0.0455790337208936 0.421331464129185
0.0134678667152709 0.0755784231840081 0.809052215068521
0.00929784679212251 0.0566376362557971 0.481059123350144
0.0161961412220287 0.119546096568683 0.961617060292428
0.0111265576377784 0.0746504187376785 0.622312026226915
0.0102770093265303 0.0771285646046166 0.523411058495326
0.0207978757006365 0.158721298774226 1.14363909558718
0.0146240712049932 0.0738247778374573 0.771906476948002
0.00424614513715544 0.0241406332032917 0.255621828267048
0.00820604182732962 0.0560473908360435 0.439787875902329
0.0117780943901518 0.067289913977492 0.645076400237892
0.00906689328602205 0.054752565037902 0.472620313608132
0.015968217867527 0.0955095136966053 0.869152845909071
0.0161387942476541 0.105456849040984 0.922856346057239
0.0146943153536308 0.0753658152031453 0.836849330179698
0.00867336948830402 0.0423049844464011 0.458783361947912
0.00621206934990258 0.0405650118371378 0.338356890325349
0.0107232782514655 0.0635031809926744 0.618706424330769
0.0105337891458787 0.0617767662397166 0.601759814799645
0.0160960458747979 0.0989665768416107 0.882040631804313
0.0117306898748532 0.0802929580965984 0.661268055383217
0.00592546674621718 0.0423102723925643 0.323426815169292
0.00885487352330396 0.0602843964948246 0.531908704078206
0.00910093288174351 0.0734627943506019 0.50303052540301
0.0138798024386984 0.0761918631055334 0.722848396485108
0.0137192261830122 0.0819848372399576 0.723150127246439
0.0196075545212107 0.100314812397157 0.999577704854612
0.0126743991717258 0.0748200416630065 0.705302866077174
0.0113446118605307 0.0576260912989961 0.642447918221528
0.0160805516080418 0.10683448480582 0.884890273783476
0.00874729687200898 0.0461447501492736 0.495430279655893
0.0077868141956225 0.057015705937641 0.407075879498088
0.00660525969595933 0.0450760211012488 0.329483429300164
0.0102753842976407 0.0571644788200048 0.587041387718016
0.0162235240395128 0.112563032571237 0.893153039123177
0.013878039086539 0.077112388677376 0.736662361865018
0.00909867881072896 0.0614555798423567 0.503199008464734
0.00853967453969062 0.0522341973638764 0.542435457033069
0.0104268418367986 0.0647935075211949 0.539938913954614
0.00827370586975623 0.0539338669049651 0.406887610088726
0.0137370392184172 0.0763903608162539 0.767345959094336
0.012791655544931 0.0770358822504982 0.732257308710526
0.0102827412330818 0.0559008124980602 0.528130791914877
0.0251160003093197 0.197703040076929 1.43772488590952
0.0133032995550725 0.0762466980466368 0.778147109270839
0.0114932401971816 0.0701893689159108 0.621155919926472
0.0089169450954134 0.0691038846323414 0.466273773580119
0.0119588482768036 0.0580629699467598 0.658055789167384
0.00690976461255415 0.0583222414032216 0.362506234463397
0.0108052780227642 0.0551360592147968 0.569243884231212
0.0125625850344773 0.0534934494074544 0.57332870907761
0.0111764468558231 0.0734907550564565 0.627812528179302
0.0118548575597859 0.0629690265343008 0.64090321959692
0.0121524329294969 0.0666624841357547 0.666610217417548
0.00998097265088384 0.0890369490224521 0.516026142624212
0.0178176431884652 0.0772799852946545 0.808646096457611
0.00947711974895002 0.0512136746191142 0.469440897142311
0.00981350466262355 0.0580498991873713 0.525933963543952
0.0215898088659639 0.122099220739678 1.24794625610701
0.00867101854251576 0.0441344334849911 0.468936259252883
0.00655633076388189 0.0494884707813679 0.366693245512431
0.00948650412789071 0.0485328741559429 0.538778608235257
0.00954625974212383 0.045059976875642 0.543389382608167
0.00868262530902699 0.0595711956523768 0.442300446093033
0.00818390058145298 0.0504995705606426 0.468386935791034
0.00886800674239179 0.0781850915687582 0.488762971450146
0.00754997684836455 0.0440672393429261 0.400016556468607
0.00778264197036287 0.0548483014423628 0.434392559767198
0.0109000841292625 0.0677217678791896 0.601799238220166
0.0127120673064688 0.0983142112659066 0.676800351343247
0.00909285367100483 0.0538823492097794 0.513052620150902
0.00743088439773369 0.0532137279194645 0.387251906709934
0.0109663336028847 0.0577703356671416 0.592692795907201
0.00891765332925865 0.056293069893178 0.480715192351011
0.00821465360884949 0.0540901005268333 0.462858923736401
0.00994379982296319 0.0654531886882479 0.58823796138366
0.0185178050471968 0.153590551752469 1.05857650329669
0.0199961418184623 0.150661520723135 1.08147766762656
0.00534310968397943 0.0317599411394507 0.328201906437149
0.00884874009531332 0.0358557191586718 0.423409376498694
0.0182196796274755 0.0981042819454801 0.928595058981897
0.00589726274756617 0.0291218483816713 0.31245747810529
0.0167145857707806 0.0906661195277425 0.826895100792291
0.0110102120604157 0.0741243070852263 0.593090768689249
0.0120577913190496 0.0757557467955144 0.659665376306988
0.0133754591991978 0.0968077564259244 0.807055981839437
0.00753892541602038 0.046658124609711 0.412850972858768
0.0119882348969748 0.0637587883962169 0.669377322064534
0.0237982906079042 0.121091883874764 1.33424201972969
0.0117877924409027 0.0606786839261816 0.640130391970493
0.00631686618701347 0.0497022151869053 0.381531695376598
0.00960416390394309 0.0788711505944542 0.536413829483034
0.00716762851489751 0.0492597718996612 0.396722784262673
0.0110103943956181 0.0784820389809577 0.630277135896263
0.00686394788711679 0.0446059621301061 0.370361951024466
0.0116048790962531 0.11125362820226 0.614130897587622
0.0130582685201534 0.0698074880101998 0.706063672211125
0.0114981416533855 0.0581326797684068 0.606010524721983
0.00929961938386136 0.054634849858439 0.506868170518783
0.0150690643122895 0.0727621644415559 0.797472586641396
0.0113113912073686 0.0745651429069514 0.612232930467964
0.0101453787963203 0.0560729918687111 0.559243130340279
0.00955069194868534 0.0669445129522548 0.588146856993625
0.0141065953492033 0.0714943695357782 0.747729342130208
0.00704940789268103 0.0462104277333072 0.384855629787769
0.00930111321263676 0.0495610815888087 0.545228903335449
0.0128349384400106 0.072199274139843 0.707988457128319
0.00927537683643738 0.0520083399068745 0.523191908551506
0.00918046003616772 0.0590352811065712 0.540707651277288
0.0114794037344612 0.0877021510328987 0.614494554282781
0.00722555346927389 0.0396784524532841 0.438236609638713
0.0168551928104803 0.0999644108778219 0.92028210085528
0.00940225170370135 0.0472058629988531 0.5172628746178
0.015826119953637 0.0857052569324213 0.82628278827802
0.00914155990883387 0.0577770674737723 0.459615346442764
0.0107603513244345 0.0788258827117047 0.621536529246125
0.00834089873341019 0.0518104635134921 0.453974427767965
0.011829327844277 0.0705880114426905 0.692831251617978
0.0108969618618365 0.064668864849286 0.560175406055403
0.014633884312688 0.0821579167462583 0.786855884786608
0.00851589922124349 0.0453999235540222 0.456839238663562
0.0277123354540252 0.234283787441626 1.35266219884853
0.0108339705435784 0.065755129926735 0.570822870135361
0.010851392183773 0.0748180164006566 0.668232067071227
0.0117360716848877 0.0671224458290623 0.683799198226139
0.00846100892179231 0.0410947718807189 0.384954380711175
0.0104822817691143 0.0531568138571042 0.55197730944125
0.0179702182471486 0.122914260616277 1.048477732811
0.00809223172791965 0.0512059150172171 0.470385649390267
0.00919823717701202 0.0485460764361101 0.505684697323014
0.00742152965189033 0.0426706395374401 0.412076199196094
0.0220862763620921 0.126078782720166 1.21765126288167
0.0115829933328447 0.0848134650018623 0.616843673876285
0.0272656352860652 0.220121139892745 1.39469903439529
0.0197352678838765 0.129118673037088 1.14719354272177
0.00598944118260527 0.0297591512654205 0.357854927622856
0.0119054842914224 0.084567301566265 0.680080912663596
0.0142664069867639 0.0636026261932814 0.697756833475685
0.0094826805634373 0.0530358156943604 0.54570697300497
0.00932384372105529 0.0410426659081069 0.469869198665938
0.0100484172759011 0.0664248993996278 0.613340909001531
0.0124573798333942 0.101775919986204 0.709366836575716
0.00852206663711085 0.0461894150847685 0.474537695262942
0.0116984769188982 0.120775734975882 0.617465042960747
0.00692264982228498 0.037434492795157 0.393421158810328
0.0075067425186357 0.0379770463058469 0.399848673904385
0.0164746420546846 0.0911781015465391 0.813190386289873
0.00827550367831056 0.0584373024927305 0.445661824578295
0.00857475499244531 0.0626485560187025 0.455199118941909
0.0108130598107221 0.127875105221594 0.59953374189628
0.00934084958375019 0.0628635169901855 0.516237593605609
0.00947100968090088 0.0797899729076186 0.560787501138011
0.0108660401958106 0.0744437902885524 0.553350872470102
0.0123755696847952 0.11251788418424 0.672106960798278
0.00987869299750069 0.0772456334905426 0.525897197015
0.00943795084562754 0.0423769596957206 0.466658178140379
0.00930493329937693 0.0536197305939868 0.485131662057948
0.0116398495118449 0.0542786327811697 0.579379445561001
0.00622961972904749 0.0439014654650794 0.354978073035191
0.00702143990810629 0.0455490417384753 0.410032260277537
0.017346212568555 0.0781882589092428 0.909541609731262
0.0107506583237923 0.0537544960990973 0.593324094613698
0.00973331267707499 0.0783460133251799 0.585038875214479
0.0164972011138019 0.0817527438114848 0.857569489509026
0.019189311060606 0.118737699972407 1.09888068434826
0.0157972141108433 0.0610334595498864 0.712324195050972
0.00949072811759942 0.0535829678045304 0.543654769264493
0.00763523763511811 0.0528620781653164 0.428385928187723
0.0117837914931598 0.0630906425463183 0.65630114039388
0.0146383497491376 0.0616591941076836 0.734961714049868
0.0102796293221245 0.0717556916053839 0.618292736066721
0.0174692109751017 0.105067457561112 0.894051682628957
0.00970062210490056 0.0529928020179373 0.542416392862696
0.00509632888053896 0.0355095698146451 0.313099694045998
0.0104054727891635 0.0565505134087779 0.546427159984673
0.00851818216958007 0.0831611303693786 0.46207850863346
0.0122174617685998 0.0560672879552436 0.572612897425974
0.0183298666259149 0.0962007504833112 0.920396389049272
0.00694394661956362 0.0393149281641605 0.383468615741885
0.0162547534429589 0.114632245128246 0.909846451071547
0.01411305643311 0.0875468343006069 0.627279033353025
0.0136279459209318 0.0889727393867637 0.741974534180081
0.015269514569196 0.0697178186357034 0.76420150381319
0.0133625942912576 0.0617415364261328 0.743723267412411
0.0075617100299349 0.0629613969590705 0.40443509086278
0.0137305558735281 0.0800110716571933 0.675332177819295
0.00828302487662728 0.0414133025208906 0.403305944523479
0.00628500577766868 0.0328475947746115 0.35198114839453
0.0115435432399298 0.0497615763552772 0.602360834872562
0.0148885085622862 0.0822711203483529 0.732800592799166
0.00900273083874413 0.0672450655864725 0.476002168045993
0.0118059425659157 0.0589452786362321 0.617539461414943
0.00980532539827311 0.0522380411730129 0.533060713099248
0.01268153904048 0.12331559711357 0.706784619019735
0.0137369236701243 0.0827757436689644 0.683575048405589
0.0152584752623758 0.10811549559129 0.743036763917527
0.0145539642578019 0.0722396201338973 0.809114512320669
0.0145481540536461 0.0826972707989607 0.770915528545405
0.0113132209428295 0.0605995674681271 0.657090295697691
0.00521982295622342 0.0397636675913787 0.296448641195532
0.0132910216297201 0.0824181257315865 0.767022463021156
0.0115188255378904 0.0591005847245668 0.625796616149615
0.00865197448625913 0.0867872006550213 0.494478883680574
0.0179069891905135 0.109145174273041 1.00893107213409
0.00633773777362185 0.0375940980086225 0.360655943586843
0.00768961254869182 0.0503420164893539 0.409216570271855
0.0107618647559138 0.0566408661746272 0.590644177347421
0.0136850451433582 0.089983866175195 0.758194712127251
0.0222144571712525 0.141845189099499 1.23365526684596
0.0179651885183623 0.147307936001961 0.897787068969468
0.00946757452075809 0.0717516572983815 0.52801631163228
0.0105613863548589 0.0762686805275132 0.577471107305651
0.00912443445751086 0.0489176264285159 0.493558413087788
0.0101164996860721 0.0677547896792687 0.5484433450156
0.0135190378266579 0.0951367356691282 0.698389949600093
0.0123923361264064 0.0704742644002349 0.669166604876894
0.0107849482976849 0.0639174304864124 0.604459393887741
0.0145680007736468 0.0668602037398184 0.738139641716059
0.0116128948889905 0.0773965597299346 0.642674778149026
0.0142434594069152 0.0646084115499923 0.72572768571221
0.01448259793917 0.0872833744933884 0.80853848856911
0.00898620045729263 0.0455337647561923 0.472392840673023
0.00910541253688434 0.0534912268711983 0.490428819676861
0.0104292607496952 0.0766763253122493 0.573027172224501
0.00826699052855138 0.0630133702700681 0.487641764931617
0.0136356759800647 0.0771062583520012 0.663314752685026
0.00995760930444071 0.0478543368342878 0.529693125906111
0.00872241906125505 0.0736329985793346 0.522507343624833
0.0147457317059447 0.0809045372646384 0.796635279464257
0.011985481021698 0.0987797336103519 0.552682223101871
0.0107689068564278 0.0648387050397409 0.584094060027889
0.0351011118884532 0.209577793995858 1.83257332736872
0.00960703575407441 0.0496300493005849 0.525839912094718
0.00960589115830422 0.0594453446348976 0.607024422763244
0.0094916379095879 0.0441497154686028 0.477342730411899
0.00937909876588137 0.0625704933076923 0.534575156414618
0.0144457787838752 0.0715983445603907 0.776082583236691
0.0109083854069571 0.0663202213343151 0.679561429098782
0.0121839106027789 0.101317852464971 0.710232707660858
0.0113799105431952 0.0711359115163086 0.582604020533514
0.00941095116593241 0.0537131792715834 0.518736567827054
0.0108875262001343 0.0498925004148274 0.587523107905948
0.0191079135067409 0.136117262499234 1.07857556328931
0.0129894135989015 0.0608787114138679 0.641079356489212
0.0133817842197814 0.0933657884618989 0.707414526729164
0.0197629115607675 0.132932018957016 1.00899567914594
0.0135415628682837 0.095623082655159 0.723420677494536
0.00948920645707436 0.0666898587282042 0.488168231867399
0.00855530419006148 0.04989372839866 0.471080666836345
0.00581875548453805 0.0381176961793136 0.334630696252429
0.00675175884646496 0.0477752724497173 0.390408921214371
0.0119060607810572 0.126184866434857 0.616366774527727
0.016480421565235 0.109736237259012 0.850832362462753
0.0113999648641143 0.0656918954986211 0.656780817622221
0.0107860884708316 0.0547675442013828 0.593022207202723
0.00745683773988886 0.0464251032827825 0.452122279668687
0.0171305510143891 0.109628435514329 0.883681995457916
0.0112790980771618 0.0911104105646604 0.681516594808884
0.00891456893293465 0.0470016662265272 0.497046998598057
0.00905622304171064 0.0570536106151368 0.452199692384744
0.0139223924096641 0.103337131611172 0.676385563305492
0.0100573276530373 0.045954864588005 0.490856582390019
0.00967972618476079 0.0886620926840484 0.51371310575038
0.00841383141380543 0.0679580951828017 0.467863926287216
0.0180221405868338 0.118878484398136 0.850705428623792
0.00493826026376069 0.0295534943223682 0.294690577794619
0.0153678884949567 0.079861268884213 0.843451740218443
0.0108878098673715 0.0622092267352206 0.649167813392157
0.00852328070975826 0.05536309462078 0.505239130798911
0.0111871387113413 0.0957171734510221 0.570119397623626
0.00806941115986293 0.03486389804715 0.434988867523757
0.006966485164222 0.0455554945124895 0.371679413507631
0.0167552325573486 0.0826924149801477 0.861726640257534
0.011705099099412 0.101838812472417 0.641223172733552
0.0115207900342984 0.0728281720111317 0.614317652436423
0.0131135671897934 0.0699503507190057 0.697133379591754
0.00954284653820056 0.0499770713140238 0.487321740570639
0.0146864737492828 0.0764200159494295 0.780721690896941
0.00769953156590374 0.0484601492148555 0.466052382480975
0.0152948327833272 0.0935790440464526 0.797102797531241
0.0110402432782495 0.0783585482829947 0.577496832573201
0.00762442449582548 0.0941393192952465 0.402170315968638
0.0126997412707713 0.0810296876486125 0.72869732231328
0.0160360855807569 0.130681890588981 0.82137316495727
0.0136349190166737 0.0682211977397603 0.708037464303497
0.00725954253487921 0.0526037318042584 0.408066418110582
0.0098701851111991 0.052002641446012 0.507559750823535
0.0146125317108542 0.0861226327792362 0.83600104485145
0.0137632162437595 0.0935470310241078 0.758105765460912
0.0127266602202323 0.0803677502850095 0.757879355076457
0.0118285257148188 0.0594340679434302 0.597922546103605
0.00946056078100718 0.0417251231391452 0.489892569408642
0.0089210870535972 0.0711323352262624 0.49366206570798
0.00851969538353948 0.0674274589604809 0.445659892159223
0.0108221163663912 0.0579461051396168 0.575108191950091
0.00854491136454156 0.0610045693210546 0.463644964634347
0.0181973707112212 0.124258239597878 0.965740029837515
0.00851215357248686 0.0478931203877085 0.485608741890022
0.00929827004553008 0.0532819543403187 0.502155192477905
0.0140421190276681 0.129365065372296 0.783657222269228
0.0200617552195679 0.0967072072885312 0.993675055197186
0.00906125351256624 0.055960477773364 0.452931740310617
0.00897902180610764 0.0669957386150077 0.520159549973751
0.0112243214609754 0.0779048707414509 0.587434235560392
0.0128693926258225 0.119074917874813 0.715485526312214
0.00837324195228151 0.0480544910576179 0.508367075348518
0.00976309587875761 0.0674930373259298 0.522724002894517
0.00653237615279446 0.0409234400036588 0.325868197367764
0.00855699296191431 0.0480805193606725 0.490932258938709
0.00891938062139237 0.0755248443287807 0.480312398672049
0.00943707650260494 0.0546004621335341 0.526576501267412
0.0117731161026143 0.0712381423596992 0.683365601931238
0.0102625334848163 0.0425531669629918 0.498223674701253
0.0136222134220288 0.0690301337709513 0.691326904576851
0.0118238653731518 0.0789758733918307 0.686020657952741
0.0148351389963489 0.081685724000799 0.817950986008141
0.0091512775392893 0.0543522704209713 0.515865574538933
0.0161443698787391 0.0890186394985297 0.838550279851588
0.0102233715693656 0.0554385197640425 0.560699164760418
0.0299094881213552 0.29329745436403 1.45452326486284
0.0131430929476396 0.0897659483765348 0.712623185368054
0.00928852927732732 0.0551752621022862 0.531673134880741
0.0164702794924056 0.132786351301972 0.981797046216537
0.0133213783431902 0.0548278568079853 0.661328478086241
0.0173315059063941 0.112297785072993 0.973493649080577
0.0114440726167876 0.0807694104099813 0.619722860527777
0.0136520616539937 0.122344932404067 0.732484635634361
0.0076930050474115 0.0454869904110584 0.469478631549585
0.0127791723905014 0.12781751535766 0.714463345491519
0.0158923751153101 0.11339858574138 0.823767497165496
0.00954316531731914 0.0546374882296785 0.546534830242527
0.00856537379912962 0.0456408478332024 0.470409529762038
0.0116540511044503 0.0674533672677982 0.674982256241819
0.0206932703490741 0.12098281662426 1.14723134712204
0.0158315888338711 0.0764522533063614 0.760127650745848
0.0117390310207607 0.0637072457847465 0.675086594197231
0.00830138198233144 0.0507076238202575 0.440247366921653
0.00941239447838564 0.0517951024279994 0.503487415394963
0.0112700051696903 0.0806621137853139 0.651533795796644
0.0113277754571343 0.0605512132048571 0.626491553703871
0.0100740474808148 0.0641723153351235 0.556972018297832
0.0130884330325729 0.0720849901591359 0.753742179761839
0.00587727573175493 0.0309984106060263 0.336362829245666
0.00804621621345248 0.0456297435279694 0.481522087294003
0.0149247402850956 0.113239593843341 0.84715365728708
0.00945698203516697 0.0647986288517371 0.526118102340897
0.00988199094371443 0.0643856077553757 0.581268853997446
0.00992056027844979 0.120118234343364 0.568369464687871
0.0117754549263845 0.108285321259094 0.638189124160152
0.0125031829577918 0.064363099016639 0.680340022526567
0.00658209121200442 0.0382222826184314 0.34571742690861
0.00676967392521581 0.045967053036554 0.40666879460382
0.00728223723018747 0.041339666931317 0.422589655450096
0.0237665235029952 0.20858159004678 1.31634095669437
0.00939295284178088 0.0704545409669596 0.520261608833324
0.0134167954671728 0.0711283243732264 0.755470946327787
0.0104824206738164 0.0657151063933321 0.632759718003854
0.00930636386907186 0.0467474041776027 0.495883795559266
0.00650694007175459 0.0349126388225461 0.36585615322978
0.0184563884751853 0.106062485664474 1.05122241544967
0.00801861760041347 0.0642474511739677 0.463771482827153
0.0104370785672831 0.0613078647939121 0.613519568040761
0.00666611029499229 0.0357213352833979 0.370898814563962
0.0135522399503075 0.0938800588924103 0.776806001861431
0.0124454333497484 0.078349733178383 0.670722205017603
0.0159976054127753 0.109330652578195 0.970146867267448
0.00637050827711135 0.0293722562162441 0.325250354771214
0.0196217452757269 0.143827322782185 1.08090723338378
0.0140665068494104 0.104742290649772 0.797860836923768
0.0122585522697998 0.0761576068203856 0.650024045904741
0.027978896134791 0.154265067767159 1.52209811026853
0.0117547130398804 0.0640213067840281 0.575866232995423
0.0144576069412483 0.0847720848626685 0.822222980484546
0.0137880591361951 0.0678173822164721 0.748900650204232
0.00687075414081051 0.056659613379433 0.419318986349248
0.00700356857067487 0.0399849689430514 0.403483704074206
0.0114728186050989 0.0622680473322939 0.600767564560659
0.00944800963499681 0.0664023831104381 0.473407720390672
0.0100681456833301 0.0692639003778436 0.541048257359172
0.00990217409449751 0.0531646345700029 0.52240155718888
0.00819460898459042 0.0425422581107403 0.438551744381379
0.00863774310390155 0.0584020948522564 0.488058763809609
0.015367757031553 0.0950799772664789 0.900665744469216
0.00648199267845547 0.0279957276610199 0.322181003455066
0.00987063008538136 0.0779281763892 0.585975953734476
0.010049110048547 0.0561302454346553 0.567179251636921
0.0199522583279992 0.142845361727196 1.04839346432603
0.00808849395681161 0.0401968333720289 0.44368699188279
0.00988011658861874 0.0511615792327225 0.566923541199152
0.0146913659321229 0.0666835644942517 0.725131028362705
0.010642098166484 0.0631211542649646 0.587088113362557
0.00896669117134611 0.065494950275535 0.479199918839846
0.013370920958822 0.0781784496588977 0.761394764385564
0.0111848155476138 0.0665096175062629 0.636989124935013
0.00746920296914996 0.0467719034927569 0.401268054804206
0.0082446274356512 0.0553111558437133 0.497586590482785
0.0105880739354932 0.0635159841390181 0.595126570325847
0.0183450624949973 0.188532774883405 1.01537835440589
0.00778740104947014 0.0432279589579627 0.42866121179804
0.00842645122967644 0.0411563839024564 0.433213918795182
0.0090071765599941 0.0556317974422764 0.512293356078599
0.0129507400440005 0.0629528452577641 0.683342545291161
0.0110145184195065 0.0482447188915394 0.508324484283029
0.0100426453978737 0.0566502341806984 0.513591020890146
0.0129840580407186 0.131589452356628 0.756095764604106
0.00909244918366018 0.0500672373803291 0.534690058586377
0.0106259410967947 0.0699218795935648 0.570851439596786
0.0173379258424647 0.0737486426171049 0.877381645515225
0.00846918590263496 0.0457426627037396 0.44491708200114
0.00680449647185954 0.0452547950197969 0.415711239777993
0.0105910648485035 0.0878651522056405 0.568907727927966
0.0139714695516218 0.0761147474816308 0.78514336412445
0.00907287855870591 0.0624203615683576 0.529529627694301
0.0093693943468691 0.0522734412440887 0.518963553719947
0.0078998350194211 0.0503291511862021 0.432874180171299
0.00914334948746822 0.0483703847489395 0.527517958573732
0.0126888377785178 0.062061064568713 0.653926887390558
0.0203731147287686 0.105777291901462 1.09611223552945
0.0117223147881386 0.0750508945044041 0.654341901703674
0.0111939081880848 0.0512342987020879 0.506582091722281
0.00773199572343334 0.0429551566647661 0.416184481689408
0.0193358213530592 0.0939125943011719 0.943213870844824
0.0136543721944544 0.0655739479748684 0.73946543159207
0.0215471597378423 0.0918502804658976 1.0866107725949
0.0083104802651492 0.0564209871498492 0.43202012268816
0.00842466162399923 0.0423047735691612 0.454979915148769
0.00951786628549468 0.0558696562081815 0.545042572412915
0.0148015106123145 0.0737689516061695 0.760298783291181
0.0127480958839462 0.0805895823942855 0.673113505853987
0.0107406155154771 0.0684187153265721 0.609713461659752
0.0275560718039915 0.135857297945194 1.46833739964363
0.0151228500353147 0.103049015595719 0.812588396956551
0.0068493949717049 0.0304307824567853 0.344437939516167
0.0126189766714087 0.0804939459610645 0.656953906264782
0.0164797075579844 0.144842706053079 0.940266978344246
0.0102129162031694 0.081510688368722 0.541365823430382
0.0280850728804534 0.141997398521406 1.51216385273738
0.0153371859711143 0.120243588704342 0.875578051900546
0.0165859534492195 0.0876833358163684 0.868728303758555
0.0158881614430705 0.122732338443633 0.796573292792965
0.00850511832753307 0.0615041242143569 0.489488545343288
0.00951933049544585 0.0648200265438525 0.511113226640787
0.00802374753879732 0.044497466174182 0.434745574355677
0.00892452181631054 0.0397546866457621 0.455875222782348
0.0114139235644224 0.0807494388427034 0.617750952337925
0.0112082469265999 0.0517117050087502 0.514158714227349
0.00856798413448962 0.0567956529728877 0.462816223127626
0.0116845235153332 0.0766494372636196 0.607867705803694
0.0100994753213149 0.0610576879339859 0.546554673004421
0.00966661363408753 0.0585425937246148 0.526514970868073
0.00931688447930923 0.0487717915330279 0.500670798911703
0.00862941045929481 0.0420737794336909 0.437652677637724
0.0163345819866355 0.0875803959167602 0.853809358273655
0.00953220826696199 0.0503901624350333 0.532551103421803
0.0142700931249357 0.077570053285586 0.786716331513861
0.00989338785506749 0.0573817540332902 0.542383874910306
0.0151940173971349 0.106361678155506 0.755706092229045
0.00855210921579957 0.0432043654777364 0.485987345558967
0.0123627681325399 0.0755028266222619 0.676768894933614
0.0133516020482374 0.0878383226688065 0.699043507526863
0.0175682089257504 0.0907050913874072 0.906055943991292
0.0127245862018242 0.0715020409028777 0.679037717912269
0.0151895634729352 0.0802440399337805 0.851830519340196
0.0115510530551427 0.08072443176846 0.629239610012559
0.0106672019231688 0.0793241521445945 0.620737790468462
0.00787589730564967 0.0486689683612116 0.470740660300935
0.00735843659483291 0.0444856559165991 0.415040350716653
0.00778071472525571 0.0459872699094438 0.452274974886267
0.00912858153245481 0.0423375002990776 0.476693173547619
0.01206161421492 0.0638871228844439 0.655120177739412
0.00967386744685842 0.0748257361386827 0.523204023735437
0.00920009830536032 0.0466644242721523 0.505528443630344
0.0086280571387142 0.0432821607067704 0.483850466345378
0.00695866946234489 0.0351305148315889 0.395081516216154
0.00735970865452947 0.0369990533739835 0.415819065562087
0.0152858880309013 0.103395815516321 0.80341914871476
0.0127489171159767 0.075973740988354 0.68867387704827
0.0143764247814165 0.0688325113525755 0.698039932473511
0.00857348171443671 0.0580496111620706 0.416938500565949
0.00641843682721016 0.0436556288255536 0.398357309647858
0.00824179742345268 0.0581713738547451 0.45533002805343
0.0090433970681612 0.0454678291216267 0.502559485798122
0.0110903992847554 0.0681618478411822 0.606752385453932
0.0114212834355537 0.0648218788188371 0.649941033369459
0.0136992474671408 0.128388273869977 0.639190038631578
0.0132655490867411 0.0839600001523408 0.769583231241384
0.0101441887017875 0.0586556634010285 0.61142090566526
0.0246706932449529 0.15022795603584 1.30477450371074
0.0100663058184319 0.0636290477790654 0.581330276060656
0.00961813252323202 0.068051339205154 0.503117597699406
0.0140239746425118 0.0882072912111881 0.794420479849303
0.0106060600567705 0.0651577528760102 0.560924929600477
0.0160007868263055 0.117482439658035 0.903209210122618
0.0103227648707495 0.0581171409438276 0.536091282160201
0.0174576715578349 0.0947137206682383 0.930251129746323
0.0260727040742207 0.146373693447717 1.32209946038383
0.00668615402283593 0.0372108831482452 0.371795844186889
0.00980283114055733 0.069723220063243 0.541752450659181
0.0120205419833003 0.107536415550638 0.665262591946382
0.0163354728810969 0.0877056443643166 0.85107657511099
0.00812587244952335 0.0623015530372962 0.447743125961938
0.00910132543891978 0.0822142427758681 0.496928019998294
0.0123459860846017 0.0854668505857867 0.631824928087218
0.00864836932761813 0.0568632229198075 0.47054543621283
0.0260124695652367 0.138877204952699 1.35480652480021
0.0123169887452997 0.0670570049478595 0.658685319430256
0.0146361512060386 0.05753194124293 0.660840097848118
0.0088832889350755 0.0577470595068614 0.496438188972171
0.00891601760139391 0.0420626073797485 0.483385942210317
0.0102360029324532 0.0574508545017639 0.550464885041663
0.00987673074529623 0.0643392754831693 0.561682757019644
0.0145031550158197 0.0699805485381633 0.769080271923319
0.0130813730381085 0.0878435610211254 0.717054790557903
0.00972097732923764 0.0847372050340295 0.520475104398147
0.00978513934638679 0.068459510152707 0.550241364556415
0.00860107052470752 0.049095050423777 0.448851335748393
0.0153891489320778 0.0896028573304802 0.813717652216795
0.0104592148982228 0.0527129364316897 0.565009710221098
0.0109993046658453 0.0684543653976995 0.641412118454129
0.0121738380721361 0.0733219796567639 0.693390636741197
0.0124800000543943 0.0668192354733316 0.706161458251136
0.00681108868347091 0.0335529667860984 0.382371609663136
0.00803553271663793 0.0552897118792212 0.449178153188872
0.0154399620702708 0.105063739769599 0.819674485268367
0.0111324732310546 0.0762919569045462 0.642109823924941
0.0114344822006337 0.0597204984518431 0.537927756248521
0.012752394119461 0.0753572740940827 0.700674203596239
0.0279672530600325 0.210947070626341 1.34492986376783
0.0097348601226353 0.0560145613704607 0.528845514790145
0.00943865198565228 0.0748353317745362 0.539007462235921
0.0106157061351734 0.0672544968184954 0.565935785704253
0.00638287596679442 0.0423904148796876 0.352659603315927
0.0122828870036108 0.0784929103619985 0.655294867961097
0.0112150118812947 0.0603898342613365 0.602478743969529
0.0253634415592265 0.135593769196847 1.36046867165053
0.00878946479440163 0.0866380522536581 0.473937348406688
0.00985205784316979 0.0878055090197692 0.506117952489287
0.0117429119070299 0.0643110226308838 0.655329824364341
0.0141920295724689 0.121194564936778 0.716782123139519
0.0153380650420299 0.0929673210610733 0.807154023851467
0.016543472088176 0.137997427078197 0.865190507330566
0.0168582308815803 0.101023832887105 0.946509267892657
0.0110203078657835 0.0858731174658669 0.630760156632282
0.0121991042235825 0.0695194471907535 0.654430088959139
0.0106342797114508 0.104668860894561 0.570222391003984
0.00916636759004354 0.0582400775229855 0.506697655360933
0.0117609740217462 0.0975165184222404 0.634160058228029
0.0119519655696165 0.0563847248937476 0.630003743668979
0.0133519274334792 0.070120511392226 0.738185947075719
0.0102680062386244 0.0629877680055194 0.620096198366476
0.00915297694618035 0.0668134885083367 0.4764884882737
0.00747126802055538 0.0333591068614234 0.36801757692813
0.00772449398912376 0.0492026396039765 0.410791938167872
0.0112473557563517 0.0600575934936573 0.610935510946717
0.0093234986836924 0.0636674689309584 0.517483349767057
0.00950929142684211 0.0685637813335229 0.512940549972176
0.00714227122975601 0.0372881507488824 0.393477713465264
0.00931520757082378 0.0441302816378256 0.495013463337779
0.00971401553145222 0.0881016389149739 0.529520678243661
0.0131646643463312 0.0857026285464959 0.62766040121281
0.00796192493327441 0.0450251158879818 0.433679372780723
0.0100638367934533 0.0903958886230795 0.54247364416616
0.0111275050020883 0.0823286895511471 0.601996971457749
0.0100621256025644 0.0959670244164016 0.577564479368267
0.0119067345346815 0.0665359896764631 0.713710242536109
0.0115255067937895 0.0662668593718175 0.563676294634992
0.0073155169314378 0.0544576927800234 0.477122744146364
0.0140414535318938 0.0663899862851546 0.773612035781927
0.00649727072385304 0.0442631183225569 0.345867153223034
0.00788178163993691 0.0368720937220625 0.408323992651688
0.0121257553640455 0.0685800195802305 0.619275264820172
0.00825766537705839 0.0467552309159715 0.486275835832126
0.0108299245877586 0.0760872644168714 0.579992388383334
0.00922797861816751 0.0643773116846958 0.539495066907125
0.0117779869734487 0.0621387372036336 0.650721645263579
0.00908104730787568 0.0546670985025451 0.508022943010943
0.00695381375711881 0.0439676258865393 0.382657096292702
0.00996510992718839 0.0472462673899019 0.495536517058673
0.016095835221302 0.108451966934748 0.936979694005854
0.0098654875997226 0.0678641362473067 0.580431810417079
0.00746111808327408 0.0454411582210712 0.388111703733465
0.015064823267268 0.100811001453317 0.808662543738208
0.00741896077685936 0.0411318958632 0.413802784859209
0.0100401151526961 0.0617353263750785 0.502348067680756
0.015588073658264 0.125076901697745 0.79628098990771
0.00926428095578392 0.0457051633646416 0.50535156168844
0.00900348181683965 0.049435228983032 0.471569589217586
0.00697847848243855 0.0423803071995632 0.387903408939118
0.0130857774829079 0.0628328273992692 0.708872742189071
0.0244557684063429 0.114733734922729 1.17612035195551
0.0152594935787479 0.0841525416232639 0.891310071784143
0.0128029800453975 0.0906891389772922 0.698070637976421
0.0139287612973168 0.0851210975762373 0.765464857068726
0.0158964616130859 0.0726361243236995 0.84891488485403
0.00964539484726655 0.0903564331921941 0.54063685414769
0.00992619549274516 0.045204542349502 0.479137226016826
0.00828764610371125 0.0658494051725933 0.509616615376211
0.0127981490299366 0.0946312593358604 0.728060448297714
0.0169512942447053 0.0949495058510139 0.927635749147304
0.0108629713182515 0.0540128309260468 0.548923312958975
0.00777536380321809 0.0395912607755466 0.434004363727823
0.0166652985153578 0.121513811603692 0.942394913930279
0.0060424219393385 0.0499764208427868 0.353262108367451
0.00890613482076341 0.0400486919611914 0.440783066523647
0.0118758036166334 0.0684358695804303 0.627542642036094
0.0130895672966554 0.0800649708453671 0.781259815722755
0.0115270798917645 0.0656939729233076 0.656179242826792
0.0145833917083328 0.0891552803104674 0.690827683910766
0.0103429189884395 0.0797185002380118 0.536625281825421
0.00847211296348448 0.0399346117760195 0.466684065051008
0.0150610001535178 0.127368246539352 0.782781589848489
0.00985102042650728 0.0530964984170927 0.493502908127384
0.0146256829125655 0.0775430754308602 0.782976342246284
0.0092662618076233 0.0539517395682089 0.495635414898455
0.0135510813339709 0.0893396665137427 0.794506245431893
0.00934171536289124 0.0446318349893171 0.478872299395409
0.00980240116510112 0.053271909455865 0.532223229732095
0.00945130298355197 0.0565976384967419 0.601473785215709
0.00785480323497598 0.0401013730012265 0.400890488977181
0.0126703608050675 0.064820651373524 0.655287742552062
0.0178551916470681 0.120075484360819 0.859514662139896
0.0108536417223044 0.0544163121730624 0.52820191087178
0.00828585934822816 0.0615669367033147 0.482445933866884
0.0108504545046252 0.0616939590303758 0.606300368206011
0.00763912907611974 0.0592774199184693 0.377417912793372
0.010778889658946 0.0717932366295595 0.598179410938408
0.00683870284297721 0.0460097135837016 0.373213273019518
0.0101681909961387 0.0530771270090216 0.543738512039223
0.0116082217193311 0.0812147851273395 0.619692439229584
0.00966192485015955 0.0564559377298185 0.516574976520045
0.00852328169137611 0.0511426629444469 0.49328643213431
0.0141813372223053 0.0786240151317553 0.855239677967608
0.00722970860393958 0.0518847654111154 0.405318889654234
0.00980414208858169 0.0634302542404803 0.497073086387516
0.00898305079056563 0.0504501939355967 0.485887064298471
0.0110974230561653 0.0569216078990468 0.586250594405483
0.00852648235139931 0.0724325828486233 0.455621813723765
0.0116580724322126 0.0696561152346405 0.65433641069383
0.00832382707679524 0.0540124625225606 0.438482322121702
0.0113778100395075 0.092367102014858 0.651972836069619
0.00911392299973267 0.0621705421707439 0.480414959775648
0.0149497949150041 0.0822156133498004 0.840905772010038
0.00717779485053667 0.0438652543957619 0.40833567910764
0.00972415643650724 0.0629852364963759 0.492834431582982
0.00743479743966185 0.0472089487352612 0.399812848392054
0.0108636842954657 0.0566063455395359 0.562263600267815
0.010956606002114 0.0509299864118506 0.561438343287482
0.00737457760322198 0.0499612823633881 0.399158457966975
0.0143395595788672 0.0940104102208651 0.915583379726471
0.0177343688062526 0.111052944378751 1.04583754025428
0.0145171245794362 0.107450399587195 0.853334990633739
0.0114012874877354 0.053542838512687 0.581909976673629
0.0146674694589992 0.0853118091999664 0.797598687616751
0.012136446147375 0.0794755326639602 0.693790073223912
0.00661645696594911 0.0341683722333591 0.38938226111936
0.019262988865557 0.10759462418542 1.10914975295938
0.0134998945678947 0.0952362715335575 0.78410627323449
0.00995652033129595 0.0743681757751496 0.527800813024417
0.00725771443926142 0.0477754140869277 0.392599801814292
0.0109466587891811 0.066202523304051 0.607366133828691
0.0112585966588273 0.0677832304108634 0.651157792505763
0.0159287108385137 0.106330725256511 0.854631872595848
0.0123249263380375 0.0703056196526197 0.705060034319187
0.00938090524469248 0.0617603236161004 0.501211772237357
0.00745287338093645 0.0379629712305637 0.394936226131138
0.0130309393789924 0.0775639091408335 0.758814442984754
0.00744898747962187 0.0367628318597197 0.37178621542698
0.0100995094295931 0.0490670407678644 0.562738309502623
0.0133977572916415 0.0581241396261115 0.713671414746367
0.0149811610188194 0.122896609350799 0.778999989525019
0.0225686151501375 0.131133193302982 1.09325079164465
0.0100553935805672 0.0478839017487567 0.523740024518992
0.00980078226818475 0.0662027758965208 0.551552705057037
0.00888237328920321 0.050372021929421 0.532710421943477
0.0124635514068407 0.0635264314999882 0.658581980934161
0.0172041511534254 0.0889336912768508 0.935743578205249
0.0132021365005275 0.066676048755678 0.614434753892874
0.0071330105863153 0.0593305064642437 0.404194789885176
0.00966385854806692 0.0597328425264378 0.53916239162139
0.00890960715865793 0.0487585836795724 0.477568699893369
0.0116524038843863 0.0486438001359683 0.606580992037448
0.00925338936548605 0.0508521647265414 0.519093908000119
0.00954739379527894 0.073993191866731 0.547880241683871
0.00944548414875947 0.050073675043169 0.496940921390872
0.011500478226391 0.0567511629402553 0.641916196131406
0.012804832738032 0.0825300339301083 0.69029731727014
0.0112718500675856 0.0800457829688815 0.607341314837585
0.00867448648981608 0.0416789568954381 0.457277954405227
0.00958293785881349 0.08248408348749 0.590883411158993
0.0068201068555648 0.039290322389249 0.411053167075263
0.0128328965472017 0.0694576903903787 0.669273746394457
0.0099564400513609 0.0618074918512614 0.575283832413446
0.00951620690059346 0.0906557362957706 0.557816746769007
0.0115948791431089 0.0596670030213568 0.603924869426639
0.00980266012572121 0.0578016154392635 0.556628264159278
0.00951925934390199 0.0636062561510068 0.534378252947955
0.0146735491357617 0.0983623758271259 0.835451643344968
0.00781695744699673 0.0727788521161598 0.422046256549438
0.0180269652105437 0.0996241018858738 1.05578695686197
0.0112388679046572 0.0778611585188609 0.519800181204113
0.0159109810235633 0.0869032887165817 0.896454941499994
0.00795603257379312 0.042810892475791 0.463441103171486
0.0119087286113398 0.0699959977457859 0.604655202842932
0.012443258788745 0.0792327546224623 0.694257635799989
0.0150186862324829 0.0782272654312939 0.732052517490691
0.00943311067164994 0.0534160851111925 0.50306568000976
0.0135162324778512 0.077952612065678 0.771516987581157
0.0124848178379554 0.0866236430678444 0.720910390942336
0.00596593155991285 0.0390183398639514 0.357058562763593
0.00889895027028233 0.0551125872627707 0.518613107594739
0.00891735265058388 0.04837479413723 0.514086288086811
0.0139806869570568 0.0772002033811316 0.723400449264751
0.00991805830528418 0.0656180476715906 0.56484220235268
0.0119856571177695 0.0525058296640372 0.533859272309098
0.0065443477344511 0.0616513743384389 0.382249306228398
0.00891839310014515 0.0523131193910902 0.525059787801343
0.0154559041925662 0.13366400428312 0.848423049333559
0.00960676241985093 0.0405288921200727 0.490615264297136
0.0198107434607933 0.1343846684571 1.05854057116708
0.0129839536239578 0.0731643110332397 0.788346235262188
0.00731288490540685 0.0408882999086664 0.389894398729784
0.0106596632131332 0.0652271770982606 0.621649603918824
0.013680608584485 0.0947197878522606 0.708218827338257
0.0116427892210769 0.0650097479323555 0.598480239639109
0.0116681996189084 0.0788841359153297 0.652715919411242
0.00695537071274579 0.0656461336857607 0.400838841225236
0.0118872992630557 0.0677649477084925 0.631064145006205
0.0155098989888454 0.0793575624535443 0.838663918914174
0.0135944147992675 0.0845921650012007 0.695458181464197
0.0105471154393265 0.0721642408588219 0.569678880104398
0.0133847577641299 0.0752405629093619 0.705331881386931
0.00794310677873635 0.0446910823639523 0.48910718524718
0.0105444998744644 0.0884338111041409 0.604644824155742
0.0113897560766477 0.0720243420132707 0.663037417892387
0.0160165137915772 0.102229645592676 0.767266010850872
0.0103614582387053 0.0581567702976902 0.615130714255276
0.00956725306777285 0.0599343936521509 0.491673785522685
0.0105546249334498 0.0756996601152219 0.568955930575629
0.0079598271612192 0.0416687925630993 0.466610579209512
0.00722552221404778 0.0394559412739789 0.393535483401579
0.0135147744432237 0.0648166169554922 0.716641665532824
0.00867145017887809 0.0475080517393978 0.43366093699855
0.00883181278728221 0.0628349108049746 0.51042435249591
0.00732409640926677 0.0541665970412753 0.392271932920049
0.0177739556461783 0.101141533781929 0.966450673724558
0.0120528373804236 0.0733259115311467 0.697905892812845
0.009926047766899 0.0586827656960255 0.585601805941858
0.0223296425995679 0.151004338754555 1.30567713818997
0.0101729825779387 0.0670369067952131 0.555004733207447
0.0121595453027772 0.0990774929501636 0.651222719067738
0.01147314620514 0.10702698900646 0.641741512707107
0.0137902829349024 0.0880191615208644 0.858257835445545
0.0150255422177568 0.110019855857653 0.802181544992047
0.00534915458133492 0.0347424123257476 0.321034422317474
0.00702137039307638 0.0457028880236345 0.412858916869366
0.00981207701484855 0.0803635734449589 0.534850292228331
0.00955758350854013 0.0516200653926722 0.482438271562944
0.00974974174478892 0.0629214614448389 0.571772567689045
0.0171852226439347 0.0890355504844345 0.940108861742403
0.0109816566782749 0.091772772941516 0.604179343799054
0.0147013959910025 0.0814104396527141 0.825741836348823
0.0158184023024729 0.214055394623556 0.846212062040043
0.00753949096797974 0.0401153883298643 0.423849451167938
0.0143829126443407 0.121045425771411 0.778139007241896
0.0157898383374403 0.123676035199019 0.888596753024758
0.00947906048187143 0.0686763300907246 0.573736663673086
0.0198740436148062 0.124192300862981 0.970397515413401
0.0131802496547666 0.115615819053654 0.702749404891791
0.00979043618851129 0.0511051743554437 0.468610179071968
0.0479472003570216 0.285230068973172 2.32967161354158
0.00887615557599438 0.0548870579635038 0.527458578310856
0.0109318070769448 0.0617352277208311 0.609378396532053
0.0128812334888856 0.0928927722710051 0.716429494948057
0.0121768273128338 0.0931204320279355 0.65342516359638
0.0116174785717649 0.0753980278545838 0.588667854005206
0.0121588317769983 0.075023890905995 0.678491036474394
0.0146217586706075 0.0925728413117754 0.791502442921155
0.0085482022163868 0.0700495257175182 0.487167419194513
0.00850584822628603 0.0422756044312693 0.43034627256412
0.00813697177083846 0.0495475157019048 0.495048348420811
0.00540280031195062 0.0359526344372327 0.297560766033954
0.0104673951817174 0.0662420552455516 0.54011750776389
0.00926860648997678 0.0583806385080993 0.518237591727453
0.0116505529857446 0.0677381689527315 0.618305266361545
0.00866098349535071 0.045292410160604 0.468178999887174
0.0171156165264995 0.10042964766508 0.907186662862222
0.00823315862885531 0.0513491811385405 0.455636359248309
0.0113620756420185 0.0825629882519976 0.64057982239111
0.00913415792191048 0.0518963659869699 0.508559119308961
0.0123559286719976 0.0722404563267366 0.685163302930404
0.0169811658839786 0.121135545275501 0.919509378945676
0.00609767155506221 0.0585644186164935 0.338497976463896
0.0152419200813063 0.0862917865863184 0.772597530438653
0.0143057336620714 0.0828375098741394 0.838650705283479
0.00898188225843607 0.0403835329346647 0.45261746101668
0.00938904964503785 0.0551667685344505 0.48826546929934
0.00911837826981913 0.0481190548254553 0.491208985403208
0.00913764000981427 0.0654766400858987 0.534097495361132
0.0112117497943603 0.0793084130574284 0.652824975520947
0.0224713425627158 0.156335373882795 1.2975292248581
0.0247168894621738 0.169463857334704 1.26639938550125
0.0123076900143654 0.0628112024553728 0.665844494035623
0.0136470192241371 0.075563055318893 0.722719678009828
0.00859622737463805 0.0454546971128323 0.431889033347207
0.00829895256091968 0.0518181107115685 0.481388063253212
0.00884119257194627 0.0606083344680617 0.482808054115892
0.00649516752747721 0.0412473378216429 0.381595564179447
0.0255360531673307 0.120156469316567 1.28887647972887
0.0134620420881039 0.0770063042312093 0.757449124580736
0.0120764984903636 0.0665901072342465 0.690758971823576
0.0116293977628804 0.0544106268636848 0.547461292934812
0.014566677358984 0.0826816687626692 0.79433399637162
0.0278094922606399 0.19536800285749 1.48021707029277
0.00877291545871947 0.0678654102300231 0.540861177516028
0.0127016016722695 0.0572833327054545 0.682861859921607
0.00608771991408324 0.0361587372028718 0.377999076653577
0.0160671854200672 0.0937317698797912 0.974949563789321
0.00952048522837779 0.0654051130294206 0.590531574099833
0.012732101193639 0.0751698234224051 0.70046709031994
0.0237057761237466 0.140282441445303 1.30342658285519
0.00876633773869103 0.0439627377567367 0.451077237013375
0.00759045096504915 0.0440532596793742 0.404057347565478
0.0116367516376803 0.0651938986083398 0.671667474788949
0.00855662169292398 0.0419011697625481 0.472480072141582
0.00919343979401571 0.0514474811539109 0.5450813380822
0.0170313587660934 0.114897455196712 0.959600266796367
0.0147750706370981 0.0749116115659569 0.756186534775276
0.00979128840067846 0.0405477756041951 0.469658050891361
0.0102997748095046 0.0587027007919522 0.601405350591861
0.00866427129985453 0.0458587144301811 0.481326973791855
0.00862278668670212 0.0511540441718885 0.504798882375817
0.0106512827708141 0.0790728281843096 0.54678251809069
0.00622719399936399 0.0354376160125611 0.367599479485964
0.0257713560778309 0.191343289170404 1.37074954534658
0.0158496004312327 0.124797477619976 0.904576619095143
0.0236697191497065 0.136113861446043 1.17601393936205
0.0085867762796717 0.0475117171213389 0.510407493034975
0.0148293089722438 0.0938164582831212 0.819210216999382
0.010197004535979 0.0583129437647978 0.572000490698024
0.0125117667587632 0.0659621802962653 0.67462559683414
0.0177998050988487 0.101598316701948 1.04070833715162
0.0134125080412797 0.0680651566945622 0.644354861989173
0.0121927674310636 0.110258095636886 0.67784247004824
0.0119166161043611 0.0600799308759223 0.650811160627398
0.0105151339547099 0.0637771135202808 0.597072421053756
0.0158063547895903 0.115466870368364 0.791830371889754
0.0132561994163696 0.0730225763991559 0.68993040861958
0.00945303626807993 0.0461844712302467 0.510749831192754
0.0147057719438354 0.102038779049331 0.873633305026197
0.0154126418739691 0.0676860930929699 0.802119484214088
0.0108538032192471 0.0584999608059055 0.584130825662543
0.0114978792178335 0.0560177848775924 0.665031333063211
0.0125771424255584 0.0876913877508488 0.684726268883919
0.00971422491600623 0.0502011593032616 0.509763655372376
0.00832956351920136 0.0409171317394974 0.42774145452184
0.0147410441640397 0.120837674532527 0.783263460784404
0.0113893019360982 0.0554684149459822 0.585174014678936
0.0104826342410252 0.101998825454991 0.575308310416213
0.0130765529497678 0.121322134009852 0.67430691442349
0.0097698718721873 0.0494205692300479 0.487227385241415
0.0139482954137466 0.0677915112520867 0.731800194898989
0.00690636366587124 0.0560713886073373 0.402794961680491
0.00933450343190045 0.0764307669502862 0.480338980666702
0.00649870200815176 0.0483941171825163 0.349081365168885
0.0097606467456218 0.0504466647251113 0.506314503417592
0.0114228116758376 0.0717412281961863 0.659602803997178
0.0135043741102548 0.0725695715297208 0.769257674284552
0.00860018757384711 0.0582405748027343 0.517210776504274
0.0115238319709425 0.0816680579238683 0.620595589776463
0.00877241906461954 0.0832936250308662 0.504558013834441
0.012570730008434 0.0733388243301117 0.728538555630875
0.00991578123975778 0.0698633576485931 0.55129585518056
0.0111136381726024 0.0831085178538467 0.597837675835703
0.0079061262497299 0.0457193230546194 0.447539564785922
0.0146529175922161 0.0931018183565141 0.7451460958635
0.010262650291736 0.0721131621106224 0.601571829521723
0.0105312822029548 0.0588703592075418 0.576095169795774
0.00576803666654431 0.0388026762007044 0.284569607760318
0.0142367184378514 0.0781338396320594 0.773274020620011
0.00887733529229307 0.0489773789289519 0.505668046948227
0.0131787389141829 0.074296821059794 0.69025911165677
0.0134210904769504 0.0753933941799895 0.647284067417846
0.0146463045721373 0.0936187034852134 0.693216760212123
0.0099679344730118 0.0952504564106104 0.571720620216714
0.00781803506558498 0.0580104143881167 0.424736754756275
0.00923747567290295 0.0486717425459293 0.518068283192987
0.00720179324106868 0.0358380745739254 0.379722378403477
0.0106590735629585 0.054694808065167 0.601891106564989
0.00747319957773627 0.0518142763547603 0.393652380814009
0.0114223253711125 0.07219382976261 0.657259635700211
0.0140812124536943 0.0755662779999955 0.747620793541999
0.024356197311495 0.159985967119245 1.30028777512524
0.00606523688871767 0.0436638312106305 0.329215018651149
0.00821078441193691 0.0505092811797538 0.451466299406843
0.0102781630432382 0.108213758899831 0.558557252782658
0.0177301318089756 0.121876322155742 0.959773403468378
0.00886638687397232 0.0711068289659644 0.50572833254129
0.00759277525570743 0.0383959348964502 0.438573527334052
0.0094291873546825 0.0442828481401938 0.526167929656109
0.0161903194443186 0.092818595607671 0.904281707995703
0.00638312993690317 0.0377197879235344 0.389356350254799
0.00851234850942033 0.0398467706067617 0.430507417388372
0.0082669811771583 0.0569283006224295 0.4083625803815
0.0164026328598202 0.0912342182692803 0.933583042773513
0.00742021162303232 0.0346305358282958 0.363981547941876
0.010419114234025 0.0574541958250461 0.559006551086968
0.00881800883355952 0.0551550145898996 0.500143238579015
0.00875693702017226 0.0596445097331919 0.469785065853179
0.00910591153182577 0.0577405076157032 0.489613918249049
0.0124261185475295 0.0673120608128675 0.707061974902334
0.00837297125894234 0.0487598412908748 0.452905243712313
0.0192881536191347 0.192665098197901 0.960548762389108
0.0106989494051941 0.0867439610809712 0.528174131056454
0.0106178954726575 0.0537087611525994 0.557905333337773
0.00737094693164665 0.0611467329570613 0.426585633159994
0.00826226278005588 0.0626120113863574 0.452291907268162
0.0123586774246526 0.0773753806726137 0.666023226846763
0.0198047956306657 0.0993524691035585 1.07075074191725
0.00756722569335054 0.0455200876589145 0.438829764813423
0.00854770915814116 0.0542258225520286 0.454464374821823
0.00846986577825451 0.0571001392582499 0.468588378487978
0.0108507934261685 0.0459563908857118 0.523314457394774
0.0111047686957712 0.0612990365848651 0.614140222843706
0.00901832065976732 0.053851723277906 0.530936559840966
0.0121729185428138 0.0945498292536192 0.652953000582186
0.006659020667858 0.040891534847168 0.391851918016399
0.0150084832990901 0.0940399330644674 0.844475130225313
0.0123845182238763 0.0794568371881243 0.66268687151955
0.00781821953053137 0.043028843129381 0.442180142308876
0.0114412643744181 0.0878410724793951 0.677187376976841
0.0134737728308502 0.0793799845556721 0.765144183918651
0.0114452306836146 0.0579821077944291 0.570301981573056
0.00708731780658242 0.0404221808368722 0.395508268624793
0.00833191454346924 0.0603358579237272 0.449077463081334
0.024141622476259 0.134866111275178 1.23150972397284
0.0100758404264178 0.0896751742466238 0.483669279246701
0.00654200001903987 0.0356164042762813 0.360632694921315
0.00984803298136369 0.0530652104803369 0.525789711292666
0.00869353796370721 0.0476484057555704 0.429032269662773
0.0152382551732538 0.0780483608900317 0.825630173428617
0.00939994777514628 0.0701848621815786 0.520447967584736
0.012150795918811 0.071735256136044 0.675338195917874
0.0100748695346432 0.0535390117174027 0.555828853934344
0.018093472284917 0.100693133192059 0.968971531165526
0.00934584866102483 0.064328532428491 0.515271048673691
0.0149238970993493 0.0795882502923683 0.79755022669224
0.0183695653091863 0.126876613556983 0.928360838787915
0.0127959137656006 0.0918873067596345 0.702382936928498
0.0142008221676347 0.0777570786406474 0.806191812798786
0.0105022337575724 0.0511038550295664 0.585709310483747
0.00780278447726508 0.0524575350033975 0.475491790160041
0.0139213918974643 0.0906990355897027 0.748666025050334
0.00770175422595455 0.0438464928071593 0.43849467621065
0.00835912175262203 0.0422559516396399 0.446185959528022
0.0103909117749462 0.0551457252790384 0.600424653162764
0.00858586993446455 0.0507803096370791 0.492488274466027
0.011317083162302 0.0695632081990037 0.617230408432819
0.00650057432958979 0.042618977271882 0.367399992022772
0.0123498311086345 0.10899636129757 0.679101705331471
0.00599491704622444 0.0318011512655489 0.330516199903333
0.0223653682254337 0.161655303189577 1.12018608204619
0.0168700240552636 0.0964177755399237 0.831089715133032
