0.00180934348353182 0.0279469833885074 0.593780440408764
0.00138398209733387 0.0204002163828873 0.455781639205689
0.00112394720616094 0.0177360923763498 0.391338022011366
0.00193186198278538 0.0345465513909213 0.626132802104572
0.00141007678378377 0.0258127811644567 0.454986408232999
0.00135168771313915 0.0208600103724414 0.438394305378624
0.00247457754620902 0.040305382305089 0.796885778083531
0.00219779284526213 0.0408204697870423 0.69626635412805
0.00139340039928443 0.019141929759053 0.449749616167982
0.00136861526477419 0.0291921038571055 0.442966050604136
0.0014277996652862 0.0248225797071776 0.449829910718223
0.0015306021420377 0.0269952422913487 0.492413768568548
0.00154256820743395 0.0327173235513097 0.505285051647558
0.00140367901264032 0.0238956987057459 0.457838353740445
0.00143260161778406 0.0199211716340242 0.468457060095346
0.0012833305422139 0.0221628737787974 0.412109863847579
0.00133492135158357 0.0185720834699993 0.412212047691689
0.00289832521266103 0.0471566273853701 0.953111478361816
0.00143388532129711 0.0242700059427284 0.4509056134656
0.00222089985154185 0.0390589229848102 0.72119617089189
0.00194646430597241 0.0430534089713093 0.633110854377828
0.00151256808563442 0.0316939187385546 0.52909259450188
0.00135882838867997 0.0199652886498006 0.442370885142694
0.00154396317832925 0.0216712531168303 0.497742919680899
0.00123306793671994 0.0157566378125427 0.386340737229489
0.00381606206985719 0.0595973485601463 1.25135884857984
0.00126456609901304 0.0206157581774575 0.402648791897578
0.00138830115794731 0.0292298332145275 0.437029187018833
0.00116420383449057 0.0184951111501527 0.374808314021716
0.00213700586167065 0.0292465942799945 0.638410496385068
0.00173989695366896 0.0344003693472979 0.58914459916781
0.00147877765265842 0.021492897573578 0.488385191264845
0.0017411450475655 0.0297810872047745 0.572348633419974
0.00168948846973851 0.0367919706892382 0.523375655731068
0.00185035984316718 0.0280673000186298 0.573882077439811
0.00162610614498285 0.0224675792935782 0.507984277514496
0.00144130310784576 0.0258326611341328 0.457380538695167
0.00142709263478036 0.0304856964578256 0.472937222185652
0.00192921347489221 0.0293436161708236 0.633158826452313
0.00185891211398105 0.0299829089591017 0.611416547958403
0.00177402018962193 0.0261366892387962 0.604744072980509
0.00159118542833863 0.0246042029363021 0.508782995000517
0.00139256998391074 0.0214812247492969 0.455524326282529
0.00187893411098709 0.0293267345984876 0.62151007137433
0.0021535069341968 0.0301691708834151 0.693078803773003
0.0011912157000173 0.01743144552516 0.375873112538603
0.00166114979834853 0.0228603637288098 0.536116556619568
0.00159542265638099 0.0232495050518184 0.506265822074542
0.00177626313944315 0.0234028252306966 0.618253940497956
0.00112759326319431 0.0186330277895932 0.394958244276527
0.00185859626141343 0.0252081828592068 0.601741890421152
0.00134023943267903 0.0214178877513122 0.448293922991423
0.00135663628972482 0.0209107112581102 0.443770987769653
0.0018350310523613 0.0274556106867832 0.604719640496737
0.00210594387538439 0.0371728288612351 0.6646129471483
0.00152993468446785 0.0237454119691593 0.488792774675708
0.00208479279385098 0.0304828818998021 0.658464273157988
0.00208639930764689 0.0309424762019786 0.674887479079364
0.00134524036388077 0.0198674228885591 0.452917387124433
0.00169408368523287 0.0289477397322786 0.558977728162451
0.00237618862759611 0.0329525792733793 0.772574819187277
0.00110371441790199 0.0179984679473872 0.366887240108573
0.00167471334758701 0.0330142503047835 0.553708305181949
0.00132108056847041 0.0219317087543332 0.453645070862519
0.00196959394549588 0.0360744774585905 0.649687418525361
0.00159732568611656 0.0277741901200485 0.524307971322344
0.00169525371772024 0.0341700478774406 0.549655044321119
0.00224462881721972 0.032294241168694 0.702467537024917
0.0017128563681089 0.0262785689200865 0.587027647994701
0.00140610962161358 0.0221909040463637 0.445055831734203
0.00189189720387622 0.0335202688843191 0.576219834437131
0.00175125452717508 0.0282956224206801 0.550277205538713
0.00373104491437776 0.0504928592707668 1.14626812135734
0.0024891831657443 0.0449737756595755 0.832733730225095
0.00245501141778524 0.0473288266606245 0.776790853799105
0.00182569000401024 0.029787665254459 0.624946139537855
0.00202448543752051 0.0323452636399649 0.644680462743582
0.00176880911707899 0.024121788365942 0.57154113316365
0.00152676548024864 0.0275695500596693 0.523458824160591
0.00135107143907865 0.0252059268807521 0.457493814812993
0.00149119140900459 0.0245976565839034 0.496229246598799
0.00141516228143982 0.0245110699522156 0.493033166744606
0.00150639467919899 0.0228048215620073 0.454849353907503
0.00261371470167059 0.0388817232852186 0.883315355902427
0.00154322570687571 0.0223972764730488 0.505677952005372
0.00289026976945773 0.0390705059214982 0.928246960212386
0.00155452797249163 0.0346863887765195 0.506428490016145
0.0016036795454495 0.0267115852618448 0.577363126480939
0.00125166659714367 0.0178338087034613 0.409383477941372
0.00203705848017207 0.0339366609115547 0.67740833396271
0.00196077504094106 0.0343003218355514 0.62329664887063
0.0016835530699664 0.0248085259351297 0.542528964054896
0.00189383549186806 0.0281967738648974 0.603915916604475
0.00189138713528068 0.0344784985073397 0.601438596179659
0.00166102810978653 0.0247914169112462 0.540666769839074
0.00139646807701969 0.0220406518054722 0.443515544582492
0.00211259231879702 0.0287394542442861 0.675799633064917
0.0013111688648485 0.019099269468003 0.445815390915641
0.00165496951824637 0.027428550273584 0.549857001373936
0.00148503173758123 0.0256805360326019 0.506350760243244
