0.0353983759662528 0.187252618639509 0.754805438417104
0.0215663913585598 0.0528332369408832 0.384676910457906
0.0363309211893148 0.176471252979912 0.636396386449667
0.0399220301654288 0.134266650111773 0.822072189014875
0.0153578037597231 0.0798297984923271 0.2995126390695
0.0401068562121385 0.129815321999259 0.831895278753224
0.0249524153587779 0.104433388361179 0.52303807921344
0.0352282373490796 0.115787260183267 0.72894895639003
0.0145441069295285 0.0787843004065004 0.318587090040669
0.0346789177761456 0.0825485105801225 0.571956859446422
0.0173457319088555 0.0611675607442662 0.406046578603694
0.0259786923219128 0.101935534356701 0.605469026952433
0.0522009329373649 0.245929352393997 1.02070764401249
0.0214993389249545 0.0452972691733207 0.398780887582147
0.0271426821368208 0.113951044737866 0.630878020623792
0.0377161949849464 0.0983554219678575 0.716928932535455
0.0388591430515596 0.11821006187423 0.839260230354464
0.032639347385902 0.149521370301472 0.731790787382945
0.0896857955037971 0.246327443988805 1.66542764745738
0.0307038850516888 0.113302079045919 0.730829553107878
0.0173880345574748 0.0529969001485954 0.379140634552728
0.0317264016000664 0.145005191638187 0.675071120434479
0.0434749092781141 0.18212243761461 0.857339867966164
0.0366555773524658 0.132182161346669 0.852308976015646
0.0309009256025587 0.150778026166899 0.696167554828839
0.0315572758953188 0.102277480208799 0.607004571893154
0.0324657491427146 0.151221748875518 0.701201633128172
0.0370151967114821 0.173579344713799 0.655099482408116
0.0183016449024163 0.0641363509669299 0.35654633186407
0.0269450815164782 0.106061387155277 0.570802568916821
0.170659908485538 0.452979929269429 2.40813570146159
0.168094467230395 0.561386265448065 2.49457910511436
0.026686472963464 0.0988404451400226 0.597446449380956
0.0364415679911725 0.117238747626911 0.79453822780579
0.0205344931026648 0.0581470294978911 0.435498899013468
0.0421938625324777 0.141709372202412 0.926676109197517
0.0381743343640553 0.160458852466256 0.827049995309058
0.0728448595134132 0.368987604700545 1.32468394693359
0.0638679653423244 0.152673617796961 1.08172657098542
0.0743004014340077 0.311639437656642 1.17570040648667
0.0217902786254554 0.0928356721955934 0.489264585698297
0.0309220085518645 0.0760639097907563 0.5350046412917
0.0398617349580239 0.131973211271966 0.877149760936575
0.0305646606700715 0.0767445070301645 0.546648889618422
0.0864980071709997 0.197811392656607 1.34447046321059
0.0371528624601007 0.0830263955547029 0.720970356322469
0.0314991369869967 0.100286268992139 0.659001021040895
0.0134838406835733 0.0640041674838833 0.295306726997556
0.0458815657739438 0.204876123979066 0.889208369926896
0.053368235827481 0.167875124329007 1.07846837541893
0.0233860089054522 0.0977611396859501 0.501944832068693
0.0222421740978474 0.0641213624128781 0.508013300873785
0.0282034808431159 0.0844252874793303 0.570172350821872
0.0275008142009045 0.0675944926934874 0.552891354841411
0.0191830883479858 0.084603889156867 0.404988787547362
0.022632613723491 0.0988895555827569 0.500414490251284
0.0265523769429426 0.0649703390542687 0.519075849630348
0.0360510204975945 0.107997153639095 0.694466362525166
0.0272743788644693 0.144666246803844 0.566667054470056
0.049497985363788 0.230861151844273 1.07478019309935
0.0236982979458782 0.0616248151060031 0.507356783688818
0.0261442054423746 0.077055917901393 0.591122001493825
0.0796159834277519 0.321223027316974 1.65889031154513
0.0243995702080864 0.0632203798989657 0.437483533146612
0.0364160269712015 0.121933082825788 0.751706445759982
0.062002012774965 0.179091725179388 1.15873225075837
0.0275614506650109 0.0973993534961993 0.604041655522044
0.0357786051421228 0.101303950664376 0.745848192873718
0.0823049313558563 0.212419079887385 1.57884902172482
0.0303765796469264 0.134076821423601 0.567666704486422
0.0424638821490732 0.200783773286403 0.824020146877875
0.0298778250517611 0.0673843221366642 0.590131993124232
0.0233945421670631 0.0538903293534667 0.445796933110985
0.0822726807435601 0.261405377274237 1.69431127497491
0.0203425234510812 0.0947166720374484 0.431579417687298
0.0475121408381797 0.160044268116185 1.02867610296611
0.040256066844183 0.11393653317139 0.827178459925057
0.034060337872977 0.150124734757796 0.656834763076719
0.0304595658457591 0.088111045234914 0.599421333024978
0.0236843575157463 0.0744255843604983 0.506841037383868
0.0381739492734012 0.142762743900185 0.705531946199952
0.119603572549953 0.553380415960596 2.14769122510678
0.021744954653097 0.0532785076094168 0.392267407339599
0.110917918323659 0.485942840559015 2.05543940106696
0.035093070588902 0.122047530660727 0.807613995598455
0.0479874708182354 0.1470443367167 0.913663521130026
0.0242057436035034 0.0798150514798975 0.538629192759962
0.0529848539629698 0.18803069908225 1.1846814890048
0.0206042987826141 0.0942282374610943 0.472296405364123
0.0804062478861158 0.336559575419801 1.40748326186436
0.0575330324391607 0.28435635544882 0.961428126201735
0.0828361018958515 0.351731433566528 1.65889097598639
0.0336069356894845 0.179565063883331 0.697819725614282
0.0241729751182902 0.0880559135005893 0.485571957319348
0.180865915389969 0.498746949800342 2.44747800413128
0.0238305565739395 0.0777142278860017 0.518721883684531
0.0479193221714796 0.23151206404605 1.05259799975477
0.0287257568382427 0.146565590667272 0.526871368768225
0.0721683604864167 0.255194654673817 1.43476220445947
0.0378537427240895 0.147737765484153 0.755680372432702
0.0158668345425633 0.0757441511714297 0.308255368056945
0.0227791094766714 0.0837941285179016 0.43633294710018
0.0415926753109409 0.149342070743292 0.854061615572659
0.0173237972547048 0.0932863947536596 0.353444802894711
0.0415116926511711 0.105976584812483 0.732999363846007
0.100494090426482 0.446272072043359 1.57215025912025
0.0399841629749361 0.149632769742922 0.681643151360418
0.0287329324144713 0.0833545634037236 0.650163067852154
0.0257265618984989 0.0805223405364234 0.582108738800927
0.056720186742381 0.248749609394134 1.11275111290853
0.0284182077200615 0.0912092900398109 0.582093091149951
0.0572157046824026 0.174484345412469 1.02919946682852
0.0402259756667278 0.152242678704044 0.802946401022158
0.0594852837845047 0.170563559196377 1.10441266714614
0.0128558362634585 0.0463127769661229 0.305207093464468
0.0513295479430469 0.165006921394674 1.1238865869184
0.0397465529411973 0.110509521022222 0.800558310500102
0.0187260164807199 0.0481543004796932 0.367976792190474
0.041200828344624 0.132004497006477 0.905187087305387
0.0196840575474063 0.057462028120543 0.411172381636604
0.0228685667075469 0.0580649092141527 0.428848259624695
0.025960139160362 0.0804984216074759 0.489151424181326
0.0453763203692316 0.123533558667397 0.871300543789949
0.0404776367700861 0.120854918710892 0.815764006465209
0.0514024720321489 0.143295927793327 0.989274370276427
0.0319980712813167 0.0907468445372406 0.646051727860362
0.0266305027189988 0.0756737497012311 0.606102150421461
0.0217900165656804 0.0707617786565861 0.479436263470426
0.0698313000826802 0.233354576719353 1.39395125032452
0.0187249321643495 0.05414478244476 0.387070995174624
0.0306232009740956 0.128827306374763 0.723991783530882
0.0165819444308251 0.0517645769405699 0.351193117331448
0.0138481443736333 0.0704901033914764 0.313473698012711
0.0309081356242565 0.0878413889766912 0.625773898412395
0.0244717973678421 0.0519476895642258 0.450644878789776
0.0356498397316458 0.116038064325418 0.757588512382623
0.0247770827821254 0.0709380135684758 0.484925407968267
0.0301515746611953 0.0969249463292489 0.666817499039362
0.0280994838195026 0.137868339102764 0.606420934920549
0.0485291279068562 0.178570758136594 1.0795816743984
0.037803305273238 0.106523414143166 0.788420231352028
0.0309746460717059 0.0870856722101361 0.589057201513747
0.0392820504819492 0.130314528542396 0.829402374315253
0.0227695849619814 0.107173870738537 0.489509553825803
0.0126877255561035 0.0601981694769885 0.274307716863818
0.0247474345479036 0.0841407842959078 0.489085184711497
0.133009658051338 0.45078170910246 2.30330874682029
0.0315137106975521 0.174084701449993 0.648365838886919
0.0202423847034851 0.0967180180793612 0.41173366517428
0.0544083092446004 0.210248763044313 1.18217425004203
0.03185407100263 0.122195663091061 0.64627600882665
0.0421227872402014 0.128314564722063 0.847400764991432
0.0316155228619614 0.130871298269144 0.664428299791216
0.0478750759477536 0.172398555476018 0.922121860276227
0.0688781355445382 0.301554764173498 1.3697960280696
0.0282637652487894 0.112320424869528 0.579127616417854
0.0307859892597662 0.109649356796841 0.676990762791822
0.0157327336865635 0.0486603813001169 0.336378818127504
0.0603756712798069 0.240948895904356 1.32577974427667
0.0231194460858328 0.0746230968979 0.485154641742205
0.0246457329502847 0.0829921164203064 0.537236223591949
0.0156854859496985 0.0422495563169771 0.351773479511572
0.0343284617263904 0.185438106575955 0.644725468656207
0.0423138980972357 0.147742767913009 0.760736915370738
0.0650253517131416 0.23006510078471 1.3988343476398
0.0422988989249357 0.166417367305195 0.930517153303497
0.0240503012002042 0.0533250147212802 0.465350179339747
0.0189527423646951 0.04683324496014 0.390318263431162
0.0519912532052707 0.18517228489848 0.96000505912383
0.0198235683816341 0.0813057906680599 0.469327679657336
0.0318714730113721 0.104618802126876 0.657974534075342
0.0476080116693704 0.125491849176796 0.938066381290686
0.0605355325413204 0.177412761245666 1.0969783975981
0.0227172118228912 0.103275625430537 0.529532121723754
0.0408286909669785 0.120056436189979 0.913457875823719
0.0373163662424646 0.158933430603851 0.738996799865898
0.0779271993754024 0.221124518713491 1.45465255552905
0.0260833192959281 0.0915706106009565 0.603269158578204
0.0208333585146386 0.103923338459267 0.428288497917844
0.0343175475285957 0.112778190612638 0.777746031907114
0.0308257442180678 0.0902147808022537 0.606694665358859
0.0612185533979979 0.208355535869412 1.25416443251322
0.0240104613084098 0.0767713194020827 0.484456788018578
0.0330229266216319 0.146652853513747 0.663055473049351
0.02633100685265 0.0677791503303241 0.497840945358307
0.037034872847493 0.103310879612756 0.722718239099286
0.05762572830408 0.208221232963427 1.0925941652747
0.0280741986387189 0.143086863625513 0.541086535363851
0.041023213383565 0.193971661696185 0.812895415866271
0.0294925830795596 0.104101095162091 0.600620493980119
0.0172507684748902 0.0602837893617882 0.39171532181538
0.0213995139798719 0.091558903362732 0.434914243502003
0.0418751082869162 0.130569926832784 0.748186503158677
0.0164782203880687 0.0556494024341397 0.370332719659306
0.0273650938927932 0.101641208282807 0.597222056908164
0.0627958009242232 0.211862960332681 1.3430635373951
0.067060227373788 0.25793047788349 1.45853365401845
0.0269657663255969 0.079839071297919 0.532197580442468
0.034236918120586 0.125928770445287 0.786073569924084
0.0630643599614095 0.161270799993019 1.18556201646981
0.0182242167400159 0.0797990843453275 0.362234300004853
0.0435449855562601 0.165538270342965 0.992056438248222
0.017528499320196 0.0686625937867927 0.413761076096246
0.0531503810491692 0.173500033087938 1.11669927095588
0.0266156248320965 0.0937142441683074 0.557754143596801
0.0297278873360305 0.104121871654361 0.604468449470435
0.0310529955904364 0.0855530588592456 0.6183691323943
0.0310944688082762 0.0885846167370739 0.639449859847274
0.0520563983844652 0.17414595174723 1.06910257620615
0.0451559416923488 0.170943498207052 0.936811018038094
0.0293474778757792 0.109636524843925 0.484978845239318
0.0246515841233257 0.0914886499366091 0.582708793322944
0.0274478630456094 0.0943975779510675 0.63654863205194
0.0221536132396823 0.0754361756747433 0.478113011698386
0.0519807456738351 0.302408433124441 0.956199489728965
0.0459583451865709 0.148705315789559 0.84042226399765
0.0319784139451259 0.134481089435722 0.556855868812795
0.018056490113211 0.0560121141358949 0.388408463429157
0.0265331835836503 0.11663382423844 0.588662691011218
0.0303409747002751 0.0988189686922073 0.689876725025151
0.0500197406849233 0.143546093012661 0.941717397707682
0.0192020323128389 0.0701673150177647 0.360728197900684
0.0296980220792016 0.0768890351072017 0.567779714603474
0.0392536583530679 0.109708843042272 0.780532145196533
0.0219609634535317 0.0577963427692841 0.428477204628222
0.0154665677684355 0.0779820631519853 0.335270844926376
0.0466139981052797 0.165236455786558 1.04928538125292
0.023257515880474 0.0644763556006968 0.511131793940481
0.0632927968038206 0.20170369965667 1.29278851051134
0.023115820096473 0.0684445486174739 0.489977255786009
0.0236276837370924 0.0914620611504037 0.49601275489462
0.0137501634182168 0.0499232703268831 0.30841815533866
0.0359964956536119 0.12898479724987 0.799812926002461
0.0789988163230857 0.310033559088035 1.50361775620422
0.0296384074843018 0.104875263981642 0.616194029755963
0.0227848560942142 0.0779355563576546 0.47312013336483
0.0367857108947034 0.11400382765857 0.789850251381989
0.030055758274243 0.0817851419480501 0.579835240211988
0.0233670487698039 0.0749287157379779 0.523148648322871
0.0202995358530138 0.0879665208939238 0.418078809456674
0.0213475817307423 0.0693915096647841 0.487792141873154
0.0195882671744123 0.0595751475860011 0.45389702621517
0.0166733024070604 0.079663304918958 0.305036519007376
0.0617111391630225 0.212326456140524 1.29773684417157
0.0501189781024803 0.177901198126774 1.08539931091146
0.0513195433642381 0.163598754818824 1.03640426076551
0.04732123162425 0.196042039330517 1.08163743628989
0.029535828603209 0.0976220093619669 0.583073537201708
0.0352131114705123 0.10154199353268 0.72859331994059
0.019161238960851 0.083407222208749 0.416361913986899
0.0546802633162969 0.232238879908338 1.2157576959319
0.045350100982056 0.205384965144163 0.834210085460267
0.0254087394032642 0.0808947025303604 0.537875673358406
0.03961940202519 0.0972653845508857 0.673043436443532
0.038280530812176 0.110191756206426 0.764080552438187
0.0551408634989384 0.166502827126312 1.14131570246907
0.0247970514282579 0.123368186599551 0.524091886565301
0.0355405957231843 0.100407387163612 0.713701824276785
0.0276551851235098 0.0877701745826305 0.543178008548786
0.0292267194409411 0.0747484618881638 0.588116983231956
0.0177614672658661 0.0984199385583273 0.377836920256441
0.0200626517029075 0.0481287818676042 0.344906571707886
0.029643886333859 0.115836143628234 0.661322171323494
0.0905870927041873 0.492568901007445 1.61407179171293
0.0327593972023886 0.104959706118766 0.719053478430805
0.0168800085713337 0.0827101195211869 0.332360036844689
0.0213712849748884 0.0796730842463433 0.478764494942341
0.0676162382844124 0.208802621356796 1.29816197400859
0.022740227014556 0.110529201486375 0.471892896409908
0.0347469682090067 0.143778602894756 0.792650924703502
0.0719864383298534 0.168625417744355 1.17916257064765
0.0298166987734782 0.0988484242114773 0.642400322014939
0.0503891135321315 0.219890461116748 1.08079274728009
0.0990198973999046 0.313492464665717 1.83453350200479
0.0202272433666667 0.0664516921936282 0.46053504336394
0.0224572171847669 0.0572317008084331 0.398470883387096
0.0347036097521908 0.0901303131900653 0.705209683018136
0.0382002517068132 0.117718380037419 0.843337284632857
0.0319457072721167 0.143445520301693 0.691979260233723
0.0289304327804518 0.0911600487823045 0.627271536214272
0.0296662270189527 0.0869212442419716 0.607905039105621
0.0199695388886173 0.0681126095415704 0.459355945499189
0.0486201702357053 0.158795984768699 0.946581732041841
0.0343298115470217 0.14278627196191 0.672795263985146
0.0293557468283286 0.129604092562715 0.630306341506674
0.0346074570291435 0.128611952211976 0.777966064647754
0.029293035286677 0.151455519753042 0.612940553951627
0.030108819566308 0.139027824424696 0.688005321738815
0.0718629308194173 0.203474677791597 1.37539441305112
0.0293509971387122 0.115120461223381 0.712105022149865
0.027598876259104 0.0938418624622283 0.619193453638259
0.0154605841284438 0.0468578513677349 0.344946812137398
0.0534935191589682 0.17454242106887 1.03680521188611
0.0666321395666161 0.199159988548005 1.28705235262911
0.023837502075227 0.0797354773426677 0.483219895376727
0.126598600623482 0.640428014468345 2.15283391343482
0.0329723812609255 0.0880053861414918 0.631798567622546
0.0199461713485813 0.0584328321976446 0.401150434089367
0.0257455060647214 0.0653156840694409 0.537875989202951
0.0400478420631813 0.106155646999855 0.745580347650868
0.0215440915417568 0.0535080973866143 0.385775227370696
0.0261941574723472 0.0658055408871772 0.548267445934563
0.0223859146647791 0.0933683681226868 0.510718427161264
0.0160501750119076 0.0621896522231683 0.378701753482621
0.0115625026521345 0.0444658707700523 0.260473362240304
0.0407752569908396 0.118264629450278 0.837021595246366
0.0665330231026753 0.363975135101326 1.29396808619777
0.0158346685086078 0.0427973888686351 0.342889890489357
0.0347581950581152 0.110940910139034 0.672178136958528
0.0331010127894409 0.100673980885969 0.691423301015425
0.0443764469171068 0.147702166450797 0.969116656473687
0.0268060469722597 0.083532094044366 0.532087676355636
0.0572981775939581 0.240943400381593 1.25883069582413
0.0517509513561669 0.149244037207772 1.04439314452018
0.0291998896575237 0.0962296304668717 0.538022797010266
0.0642759687445105 0.165877445102074 1.12484152200047
0.0310464367087338 0.137829986106033 0.605703801714373
0.0495101476378405 0.134148401653899 0.931397849641017
0.0250313249333991 0.118183765426805 0.466851692431912
0.0314143851624218 0.10831205802876 0.650507398828848
0.0382022493326538 0.0953474042030516 0.798346792610448
0.0447802149817315 0.167915374954975 1.03070964984807
0.0260182607442705 0.0681794445908817 0.488755968137111
0.0722153404197477 0.248987195285651 1.50160928623863
0.0378556177690879 0.113281411859693 0.773742565264958
0.0217794911651992 0.074772916107118 0.430084933061143
0.0300039568727362 0.138793741871207 0.517328447975447
0.0311143630932521 0.108045636890774 0.594409435955278
0.0241872712397568 0.0865509980392861 0.478911044570962
0.0338156050135866 0.134464802980567 0.658387179276337
0.0313793282287735 0.100210840080031 0.709882776261555
0.0859720454638405 0.268750207490931 1.69931184944875
0.018669367296902 0.0643960523058554 0.385551665229802
0.0515014037009973 0.211151832568489 1.17274988461789
0.0384528774996853 0.131571427689076 0.864682302006367
0.034448647797904 0.127461205732326 0.797786527148773
0.122733181251251 0.356646870214187 2.10469131046006
0.0365051867284682 0.149900270733287 0.689163267378295
0.0499767777202069 0.128482289638765 0.995036791526686
0.0386606225845408 0.110174997171547 0.770795833946702
0.0369875891774791 0.09030463205032 0.64221295799678
0.0276529781471655 0.084191680571332 0.520222198458176
0.00941100286324234 0.0335580691697157 0.223827523267421
0.0302084806311528 0.0993684594105674 0.683263926914508
0.0951426452408156 0.356425733093609 1.56142983460485
0.0293527683441592 0.109843221371039 0.466879593326375
0.0524809349131226 0.277481401308337 1.02240152834061
0.0282418885020467 0.129820379023046 0.576307811973652
0.0353624960038252 0.159864086656247 0.728738194850294
0.0159662452471785 0.0574146774409703 0.382008929082699
0.0312392711538623 0.113170419574524 0.642782586740321
0.0325877544747561 0.119882487399621 0.657627555999662
0.048267781935094 0.153790542175912 0.850993826268331
0.0286342631419151 0.138116745039054 0.621010641542918
0.0290425222447146 0.0930701949431069 0.601386472055751
0.0558845532364347 0.174185500389111 1.01309873243728
0.0276608870595423 0.0878193578166021 0.6481751159451
0.0408407705316695 0.126220467333629 0.863049298841635
0.0295119298041237 0.142687784208026 0.619758189474929
0.0375981699917712 0.129868973536643 0.836811387258283
0.0350223444686726 0.126289357968029 0.781637061407334
0.0352823996634731 0.135642844000497 0.639531811860702
0.0190659121219055 0.0515945396670024 0.371621867158329
0.0270577855478047 0.123636297800712 0.522072080336057
0.0281814105923834 0.0743772100067293 0.54506824418277
0.0478708586044561 0.145760377175879 0.977302829965292
0.0800083958803193 0.320033566869457 1.63036777170646
0.0324384103221117 0.0853637670464116 0.671949556851483
0.0271065542374714 0.0834554132466914 0.59319687706147
0.0422248229413512 0.14349337973616 0.844842055932018
0.0290861267813014 0.131878273298878 0.566609440647511
0.0240341690229745 0.0647728829698561 0.439137593940963
0.0412082002871303 0.130059109036965 0.823006309694035
0.026860211744229 0.103549605595668 0.567517426860801
0.054334433182014 0.142618513719777 1.0130840315375
0.0328533796185081 0.107222434038316 0.635288554394478
0.0197363375468415 0.0731261044413867 0.413756012815971
0.0400185352437673 0.115966832750918 0.846250620079708
0.0430467472800819 0.118751624754222 0.85341076651375
0.0375687344633278 0.124227394219409 0.855570442722961
0.0208960972404247 0.0568998413113544 0.411331963398958
0.0354558950838795 0.13981803858253 0.790580333989409
0.0418871897350382 0.127762297259989 0.836699836174222
0.0350825201183903 0.20615912787612 0.727982619630809
0.0173220213787802 0.0886439755240398 0.376655202378632
0.0287684942532681 0.0874677199535694 0.575230260259208
0.0314266769030694 0.0991435421558407 0.674760016631304
0.0270103338454169 0.0684573864557618 0.502123522066918
0.0315991119002873 0.115038910442097 0.719280808716281
0.014480171405425 0.0507909755857179 0.336187188393845
0.0290391265743971 0.0747554685118563 0.559847491711205
0.0309473453872947 0.162788922601071 0.607030056578557
0.0278830795492671 0.112381215207627 0.58784973859753
0.0564512327194029 0.145300141371019 0.972576495461357
0.0281646585740624 0.123346185155432 0.621571758356296
0.0416437126261124 0.112967859406196 0.829230523230306
0.0288381937746467 0.0791407766031409 0.587545782188938
0.041892013271997 0.146798381119829 0.760082886506566
0.0337441952644829 0.0886977137746775 0.6878936235933
0.0198345253553132 0.0699863943334326 0.403151773340709
0.0355559506792102 0.127437738530001 0.760392032610615
0.0749705362190035 0.238250239825531 1.4774037267554
0.0907791723759531 0.365489139193795 1.82946768070376
0.0349366006336258 0.132691327669562 0.780957861925573
0.0240719219236844 0.0793787099985148 0.465663850222623
0.0241629675061764 0.122495290098492 0.483961422725926
0.0426465196233709 0.128049550051221 0.909005294123601
0.0345604437542008 0.095390174596852 0.744835625037025
0.0429027891613698 0.182136771623517 0.895000026826238
0.0202093219650025 0.0791975733041433 0.472958859835539
0.0438032870708596 0.209655393723869 0.937137183342385
0.0112540675124561 0.0421758061078333 0.233369160608885
0.0476971606754204 0.127084466102114 0.875370502235223
0.0232408897042462 0.0717107035444507 0.452275863762575
0.0455017490668453 0.262316091653509 0.877008395805869
0.0220881378687281 0.107044540740999 0.442887090716362
0.0247272576049907 0.0880030096216578 0.508343037429387
0.0657220686229148 0.22732669519064 1.28411758874742
0.0213740245974443 0.0685923864250428 0.394549936844664
0.0428360631933437 0.116044952768016 0.851254339696119
0.0241207566774833 0.0722582760654962 0.510642636919083
0.0217304529998682 0.0613963913171539 0.447238485443194
0.0840648424101101 0.249762760059572 1.71378820666127
0.0612820182458358 0.226431508737037 1.34068659239675
0.0475113170802881 0.260604480917274 0.966818222456092
0.0371693348624375 0.123054905770383 0.783323486128694
0.0348254938086016 0.123043421006242 0.642066164922257
0.0512207893353687 0.145222886033208 0.936804758747623
0.0913021413382772 0.299180015857155 1.81416711978083
0.021868719999898 0.0775737538487516 0.450460506376189
0.0322407080195213 0.0795935672225513 0.628608855878978
0.0394608339010977 0.119387990136165 0.778751235410017
0.0372376611695803 0.115357942960058 0.700064504110068
0.0305043147400923 0.0787366821455939 0.581171068841746
0.0818250936034297 0.248523654159567 1.58664215127733
0.0268490284069661 0.0801972230877613 0.568130881969259
0.026117751770175 0.101370543155446 0.602578620220698
0.0349564788733879 0.120191085995 0.798644505189133
0.0199986900480909 0.0579080398294101 0.420034673863383
0.0188473828892109 0.0973416554081005 0.361982164925941
0.0325866864834932 0.127945784215437 0.604393896824399
0.0310154277307562 0.0880919960916665 0.638740219868859
0.027482155670065 0.0850758618766517 0.558401012665866
0.0812767010694217 0.270308828332719 1.63421606346822
0.0282366319621886 0.138439528623672 0.525312290868883
0.0528954576207138 0.308584397113127 0.936634721375922
0.0257869024901525 0.0927187234933712 0.595087172849795
0.0398416506491784 0.15075614947467 0.696417564241868
0.0179472998880739 0.073050241403436 0.425779393853069
0.0260297736428137 0.151660490572691 0.513411466560659
0.0297656162026805 0.0863080420659606 0.586314614902814
0.0375180023949531 0.126211715095276 0.787395377581506
0.0387044414271486 0.128086157683135 0.869100312901721
0.0687525440457811 0.277231708568853 1.46142471827602
0.0304298288934447 0.137916965549995 0.599180050503758
0.0460866975010356 0.211809149585923 0.996421535319904
0.0166555909737678 0.0926314139217994 0.357682845486305
0.0286900309599597 0.0794713977601371 0.575716675282507
0.0209870809121711 0.0726149002023572 0.469244444162464
0.0361417186319996 0.154782428741877 0.791004182416112
0.0715826949526194 0.29109976433417 1.48172686132536
0.0558531107716099 0.1439375964564 1.03729643549252
0.0361090939707373 0.178174823059971 0.799297882253976
0.0303396203142912 0.132364977121355 0.636910348799583
0.185074531211362 0.489116117942697 2.51968309596592
0.0667621889571432 0.285287572818275 1.00026311690483
0.0215757235818919 0.0875443808338472 0.522753481980652
0.0352371084795428 0.104549402690305 0.725894822408671
0.0460770237215343 0.151886666403232 1.00269668073598
0.0229539587382351 0.0748384584040162 0.506216451507707
0.0340902913511305 0.138237006949772 0.541238979245637
0.019683470809666 0.0593043332988201 0.378098092933674
0.0197467986536663 0.0611111033973317 0.413020288016196
0.0357171303389714 0.148158518598452 0.630332094874665
0.0172474553175807 0.0504376418530637 0.351809478812229
0.0169220886424854 0.078364345063203 0.360612183394994
0.0276197071683822 0.125510882514074 0.538093877034984
0.0314958142404274 0.067204875170016 0.438535502172241
0.0280459855503793 0.0811324710385885 0.581822278812166
0.035573022472171 0.0949247723745258 0.669090820480862
0.0227750082808599 0.0634840684391771 0.454323394040001
0.0579644341966414 0.177297212159391 1.15038876363437
0.0165981542642672 0.0689577284255733 0.34489236566183
0.0148259077820871 0.0489642895658031 0.33749874283252
0.0624274239908586 0.144051341377446 0.946880721861971
0.0482254711691827 0.24957124307221 0.962975821645845
0.0269428815288824 0.0865426483852798 0.550110049075824
0.0266331253433081 0.0971135957680075 0.596605878789472
0.0893823159617051 0.248785143390401 1.37388116232957
0.0447326009767643 0.204874464128475 0.980502591920601
0.0657038988764032 0.157286774818407 1.28574428170477
0.0266255379505865 0.0854436108725993 0.59333473593082
0.0427262216639104 0.184484553237374 0.802514207300906
0.0353339939317645 0.162624486452974 0.740697247286458
0.043095533104073 0.193930373259355 0.891165058156252
0.0271341840667087 0.0755676548440315 0.442821166825013
0.0248686591821763 0.0842164015180503 0.5709751641732
0.0254530176029056 0.0874015894520969 0.499007147054702
0.0402417111798926 0.129665866303517 0.813100420100486
0.0384579168162099 0.145529992078485 0.858033860265508
0.0222636051604936 0.12170777706943 0.472822643348923
0.0610465122952027 0.19381179265583 1.16261573446561
0.0217653813868357 0.106565230445692 0.469737419831061
0.0159401230780764 0.0653124669036439 0.350304254603956
0.0501670808440967 0.160288139815641 1.09825734776117
0.0519475988482944 0.202820281603202 1.06410092899977
0.0296416137761567 0.148823671747233 0.591984048795858
0.0332542590158341 0.107710847623315 0.716829365598847
0.0318621258089294 0.170749057891679 0.636070960693612
0.0284959258722338 0.116680549793944 0.607529044951877
0.0557819477477597 0.239991018162497 1.22724939873182
0.055743736604093 0.174189912368108 1.16257241886194
0.0464057923462929 0.184920976874201 0.845734396710048
0.029175502610476 0.090521063089084 0.645626967255458
0.0442152570919815 0.155102007077712 0.879306830146558
0.0349622795591939 0.168876471735899 0.759368954883971
0.0351365316946331 0.145918932307305 0.714586832599629
0.0229754035943178 0.0602056938143352 0.449612418112884
0.0388637985528006 0.139882765344352 0.781827310285363
0.054045564930039 0.255339826823614 1.03665855933234
0.0637306792462679 0.165216023829087 1.14018191262697
0.027625809338846 0.0864946886703907 0.604787017045021
0.0340617868456666 0.0987656948857683 0.685376205052343
0.0323120433149495 0.112470632169197 0.636848547523884
0.0283046058261124 0.116900143993533 0.559919158996299
0.0207638975546949 0.0704430274953172 0.433992205488928
0.0711637272148332 0.220486940053153 1.27069431981965
0.0397751006539913 0.167573462609065 0.728328804512373
0.0323509292683434 0.0966207374062272 0.681964684863824
0.023984101373711 0.0676655102485053 0.501398389274799
0.03031323636627 0.117671189660771 0.610969250730949
0.0325861562456413 0.152101163239141 0.720258405949132
0.028633522946725 0.0782790718966007 0.527141312136584
0.0390339573507557 0.131642630537841 0.748089663629736
0.0575336329812593 0.26226334004717 1.24490744589234
0.169081895563264 0.591656600537521 2.52783312381432
0.0423177893485462 0.161181336356373 0.803142155513977
0.0512700212592756 0.211081526284476 0.953511833804318
0.0590126137779825 0.272257762727086 1.20452480810439
0.0423584131913217 0.110381810900006 0.742237009977689
0.0894895430959622 0.30569192261512 1.73247738624752
0.0231513708557036 0.0741004070701412 0.505489315564101
0.0212613331977085 0.067837789133531 0.449468375057427
0.026137914992763 0.0806974787758534 0.571549161336336
0.0521744847858588 0.125841493470772 0.881243163381422
0.0516654862686908 0.184313960280384 0.965549210666349
0.0623499006177832 0.1453216923559 1.01646940685189
0.0610309295720117 0.312012926030871 1.18559541278078
0.0421905441659719 0.158162897250292 0.847861096879978
0.0265053682159169 0.0805107992925135 0.50259298755054
0.0286568932550226 0.0883962729091508 0.628050793582798
0.0240321999819753 0.0761180579893932 0.499313624468473
0.019772368567844 0.0669555446742019 0.452875682859349
0.0495054368335752 0.185556812476459 1.03622186316983
0.0159988654924462 0.051856576242033 0.372728238678706
0.023460217806164 0.0570156079933505 0.483721296643831
0.0333188367534443 0.127164532819744 0.674370883152716
0.0270840892136414 0.0731041363409016 0.529276100064045
0.0600486496031922 0.168688847297907 1.19263092528877
0.0336492763300589 0.108367255674726 0.72871229111045
0.0213608949337493 0.0873512153722051 0.472890199704476
0.0295457642701282 0.0600405755924117 0.412297260264168
0.0424628286500324 0.139836034286959 0.856299771829018
0.0465249979386121 0.162656335211621 1.03379348317241
0.0228519613208584 0.0660916473273779 0.480819032004895
0.0514162951354868 0.206207068744064 1.1574623535881
0.0338426740206453 0.109236380869419 0.726734744520607
0.0289034617981049 0.087360114793862 0.606155167490529
0.029037311170638 0.0608148155328023 0.513419172061526
0.0275504456496018 0.0948547157558453 0.59074982793921
0.0484467420065531 0.176892799972845 1.023271865783
0.0591334331838228 0.236012457316346 1.29000856794774
0.0289483522771617 0.101858684011826 0.51302249487066
0.0197931681421848 0.0630554230719961 0.437434717282542
0.0286293031821715 0.118869393542762 0.621563502239338
0.679400474699324 2.14888923672809 3.02411447032396
0.0629115917556972 0.192015916072668 1.209931437482
0.043672071126041 0.135091876587376 0.932440590622495
0.0486990526647729 0.110329432984635 0.855341890928964
0.0856780815391034 0.196535599230213 1.55208798036504
0.01618623979917 0.062468089074539 0.353701371962427
0.0381978819280412 0.104482485377237 0.733172621629995
0.0464684247353225 0.110826723170096 0.878383991424905
0.0296459619731677 0.103533320382416 0.612801282623613
0.0266795590399435 0.0933502797625899 0.63479469643503
0.0157259914683759 0.0496267326307515 0.323548213767483
0.0305421005055858 0.119791190619012 0.643529893606285
0.0191112686479826 0.0787042925842948 0.432225584253558
0.0325245866477018 0.103632249773843 0.753070170925104
0.0253438631728711 0.125770835235255 0.502477526486275
0.0154100461923243 0.054594790961417 0.363594783344623
0.0151754913505022 0.0804806023267292 0.314669907164046
0.0596115279913676 0.282197529255124 1.13726393333879
0.027716551150582 0.0797861579831909 0.526699420006145
0.0285427214067413 0.103822910250696 0.577956359904352
0.0175197384775193 0.0612747341595587 0.392134044574083
0.0212453692844845 0.0775865267020449 0.500405004672166
0.0456782618486583 0.206007047600682 0.965966925687366
0.0263579390787689 0.0981332056963079 0.604581781306816
0.0249183042136296 0.0952848839577554 0.587707643203917
0.0660196317679381 0.218890161011828 1.3899691445558
0.0355084902149766 0.0796570639004774 0.667787663636104
0.027951011911041 0.0820158842820296 0.57698698025317
0.0334127208623357 0.102074473735726 0.610882659008272
0.0569029505446736 0.156153917510225 1.03017148353759
0.0238685020596197 0.114593299543165 0.55021834233363
0.040756132256425 0.117174082264581 0.841657938356848
0.0280278212252743 0.111636208231959 0.615458203635858
0.0635572557199025 0.185608323941362 1.28990521188406
0.131098840868061 0.52150414020097 2.30909319214241
0.0346518035532313 0.173268382018055 0.689015397072944
0.0251923728125055 0.0937505926198561 0.596558831608216
0.027497529054959 0.0921271707953188 0.521566620644532
0.0261332600019672 0.12524855119315 0.460783431767156
0.0282475136640596 0.0796496515554889 0.57356764521625
0.0236660341088327 0.0715482021493035 0.509200426946799
0.0258582214810811 0.0752798451193914 0.569267250127651
0.0571084719367376 0.23668971952425 1.05143842315877
0.036426130506691 0.163515330910699 0.814729794369764
0.0874949355613615 0.278349345055974 1.76790922191707
0.0274844509569694 0.104817763647987 0.535651982157378
0.0502688600499398 0.286372962583081 0.985009785989593
0.0347864249269065 0.0758108706420893 0.657567667565735
0.0260090143943058 0.0628327545426808 0.458341250884218
0.0360474057488691 0.101769922788006 0.730004720408069
0.0361066183128091 0.113957036427228 0.739129784674586
0.0324113339407854 0.0909517685869496 0.672044428180513
0.0171954329155337 0.0630815644527275 0.368287509695757
0.0294424347793288 0.0868588454254125 0.626227535243732
0.0288830631445068 0.0835074652625463 0.599179040680892
0.0221894861878213 0.0652700094726645 0.487642109526107
0.0242958026579016 0.0673422531454303 0.503588878102844
0.0376670482606965 0.141791185940744 0.840962077927324
0.0486768527727475 0.159355760037749 0.894073055999271
0.0414554781183221 0.101546011124564 0.827083397377937
0.0326861180138263 0.138878954296608 0.495027158743038
0.017286160273753 0.0577014278650159 0.392169046911552
0.0405035997884335 0.132873890237848 0.893559000484787
0.0318640342266739 0.0936320363137818 0.631572824344433
0.0279002569161722 0.0705167050701662 0.511671382786764
0.0512011032633631 0.152932404686436 1.05926646628091
0.0386982203460633 0.176012153146945 0.831525573048588
0.053750573931555 0.158339565293872 1.10524094908465
0.0247613982961611 0.06135125557374 0.418247657447987
0.0262980912899748 0.078928064546092 0.520915902894422
0.0386304816400459 0.163955204515248 0.821911160822835
0.0248839837600348 0.125639479111224 0.433970527075107
0.0332664437254388 0.119495895548589 0.621059599041706
0.0329656940533852 0.119453679643898 0.574859723334261
0.0466450187361738 0.141884610873215 0.941528589955002
0.0246068245173138 0.074567492700675 0.528189799347867
0.0272254729558476 0.0718414256397931 0.57252613094952
0.0213581695949223 0.0858036909181204 0.503287175371834
0.0275615930586781 0.089098579430468 0.587087561783388
0.0377712863395757 0.151903101589611 0.846713734035606
0.0311217010361364 0.128334781986009 0.662077870778186
0.0369427364605263 0.178667455141884 0.700125006255642
0.0220100059157987 0.0756620603956861 0.507685159906733
0.01703881257005 0.0566569347863643 0.404251945767704
0.0361884358423225 0.11600178827627 0.721746627545286
0.0406208544376111 0.14083924796396 0.742299469315356
0.0287427692811226 0.150162682963892 0.581938091025063
0.0436866708651643 0.123590675031507 0.924358849563185
0.0380614041488286 0.183228373259017 0.828154947556488
0.0370660630551178 0.109293168636479 0.782862926005133
0.0115878875926653 0.0390702528216005 0.245127409624998
0.0231781625234538 0.0699317327828682 0.480138677489653
0.0503157005229022 0.161503925032247 1.01073961583484
0.0314286654527065 0.0843861157348655 0.586737798667227
0.0570819237082829 0.249056553954238 1.05659530062192
0.0311497950728839 0.0873139195651237 0.634937145853059
0.0326255314109449 0.165590035430502 0.673301667554197
0.0364776198897518 0.113704955667277 0.787134233458877
0.0340845141262996 0.120413708906668 0.683493759830987
0.0320250960552149 0.105671036295468 0.622420314762224
0.0429805393921072 0.169133379796678 0.9895905881467
0.0251057438590715 0.13743183758961 0.5101869177024
0.0206975822036315 0.0489610852317325 0.354082670763472
0.0400632450846966 0.108086595999123 0.731058049198402
0.0267529711705203 0.082942017584966 0.526253131730654
0.042588244998133 0.149438863421412 0.818283738061624
0.054570574641836 0.205146705497095 1.07792255858814
0.0843119886987632 0.251024111914447 1.64011752441052
0.0569397973462843 0.257127056781248 1.19134847796272
0.0309510504619599 0.151194642940641 0.635180943983359
0.0427047997682596 0.138248096640328 0.850150250024237
0.0468101413019216 0.136231669101228 0.93131268063211
0.0820629152906851 0.257687688828744 1.65004957341116
0.15414735386998 0.421935007174519 2.327743283632
0.0215863231779795 0.0540753056966616 0.462401001303092
0.030877176794746 0.140066945530388 0.677761286964298
0.0615756787697018 0.266260888660287 1.27609594891378
0.0817908837105578 0.356572404336823 1.49695662948376
0.0478752552579408 0.156505434588734 0.925369965481118
0.0618097221781971 0.173142268355247 1.21687423590001
0.0245686125060015 0.105527450874737 0.516773987438074
0.0293636278824659 0.110237265289347 0.551473115959846
0.0460017135235779 0.109283137211799 0.88410310230886
0.0328411991711092 0.0955236864567829 0.677456270164198
0.0504189915258902 0.154442768128916 0.991465566018761
0.0488531970830619 0.211171418236372 0.930943538989247
0.0552048532630312 0.307306158016176 1.10016919607038
0.0236541134936755 0.0849614571789996 0.485533837206047
0.022001471215507 0.0594961913139622 0.42944891117629
0.0688914180390331 0.195550651826656 1.36182706906724
0.0371306194168637 0.0870496698858413 0.736995904972517
0.0289014152135896 0.0734417503780718 0.606255088191843
0.0443812788893332 0.119967584022175 0.83240421676084
0.022503952344348 0.125540074209165 0.455786373754442
0.0747156136707526 0.323993328103653 1.16158422514358
0.0343189700255704 0.121758292393048 0.742495085992623
0.0115565351816259 0.0609159724120861 0.240120239743064
0.0135517925226585 0.0612127996539439 0.311069345243553
0.0219249588373948 0.116483519525177 0.447173025338483
0.0515161252365464 0.148462486040774 0.995963505373527
0.0213569261750777 0.0613504707554575 0.468062648967331
0.0212372281468769 0.0687636144861694 0.411517037923127
0.0355092876298663 0.131756214842437 0.643882117254727
0.0145919816274873 0.0544857895050394 0.351953350638176
0.0307108468549274 0.0836820661763345 0.59933855662645
0.0427496912244261 0.139612660298668 0.918986012684918
0.0460679617992334 0.121176169666194 0.869424909307052
0.0213238386826655 0.0735622252159037 0.436531330453468
0.0622878594174654 0.133481943916164 1.078966530843
0.056046108973615 0.200739977303323 1.26671997609698
0.0247090855286845 0.0834858538045417 0.549673419476032
0.0447764926304747 0.226460367509498 0.849064674177659
0.0255588994264669 0.117225387068386 0.510602163971016
0.0903146861930557 0.213530009773172 1.61568800780079
0.0252577615668713 0.0676937693284424 0.49481695844252
0.0294720985669338 0.119241884647947 0.632993199101946
0.0413088054505115 0.172134165095153 0.938736969580663
0.0468260405082904 0.133201822724353 0.921341156075756
0.0239196136396643 0.131260764777972 0.453252944612703
0.0336021383283827 0.116044100120742 0.784394442431697
0.0696605214785172 0.341382756595839 1.24480996188976
0.0305387722637157 0.157427851843517 0.646477621561651
0.0428327909702265 0.138013667431001 0.871547451308557
0.0789251339591686 0.212331631292007 1.56514239174355
0.0350208779525036 0.186415524015317 0.646277513549542
0.0428801069722824 0.193347559049427 0.939288724203864
0.0313834343981148 0.0839627475596722 0.671087654125664
0.0382252187687041 0.129505610089662 0.841809736314748
0.0230876004046501 0.0990000787539845 0.420731447214132
0.0232455798446976 0.0758549654858422 0.519112649596927
0.0559498796440975 0.180738341909198 1.11862680141719
0.0684399043219806 0.165185123193064 1.31024408949936
0.0737799787300371 0.196727155754433 1.37642187658639
0.0265244862628556 0.0940988734854546 0.525185022739929
0.0225897824506309 0.0870254598838831 0.53222026842712
0.0817497853847713 0.24970811710642 1.63315242656422
0.0399649010547616 0.14534401802829 0.86329539337152
0.0572264580909985 0.272841316025235 1.16196431370499
0.0887708111495277 0.265319114752836 1.73315866860048
0.0297465552844408 0.0892520811917996 0.635308404507914
0.0169973341478507 0.0550227470348037 0.400575509405375
0.068562629431961 0.190133852751322 1.28507449379346
0.048375239268162 0.241032327081312 0.887029471931334
0.0124755337238553 0.0508415644893519 0.296137446922227
0.0246198976581038 0.118057278442403 0.477975577215171
0.0314644593996262 0.101565339418522 0.691361123507757
0.0242591999097719 0.0939960693488741 0.558680661443341
0.0394975518814564 0.184957267581172 0.766651200332109
0.0329361283879536 0.0990222573779242 0.676366157872095
0.0458567949098458 0.131830657174264 0.88438137741857
0.109687085477221 0.248835996258072 1.63420252918503
0.0169635258945531 0.0453507272570444 0.370024489832601
0.0607599245247636 0.139058339350357 0.922181594557614
0.0393738726581175 0.149451486192869 0.895012557160721
0.0712566562288095 0.362945504691769 1.45688624897522
0.0341443049548934 0.118775835568015 0.781016137061291
0.0355535484662761 0.108279403509996 0.731421169721466
0.0366170027736197 0.0931466317558992 0.770516326339874
0.0768982585940419 0.205567431855856 1.29895008483091
0.114434281795461 0.553138971441027 2.08906204315066
0.0225601718091588 0.0585596959453363 0.426203862657277
0.0392446510329349 0.0984113658518261 0.674893423423199
0.0369467159902522 0.138977770849271 0.79971874564954
0.0566889373617713 0.142091597722183 1.11151346763886
0.0599096391448118 0.171555658565366 1.17014291058947
0.043271740573785 0.192822815563485 0.888905994454351
0.0144303658712695 0.0575118262681088 0.313790019939272
0.0207866851534789 0.110835847697031 0.414744378324544
0.0360598367089107 0.118263028096779 0.768894878207724
0.0327216262306344 0.0957710538976049 0.685874588246969
0.0354825883930344 0.109587269166314 0.764554983951648
0.0407838448128089 0.124036827335204 0.753994297465295
0.043946577584088 0.152719042719263 0.924704362795403
0.0382734024259241 0.169823793116011 0.813707288386437
0.0492186336395663 0.125191108469306 0.760894001689378
0.032595521163523 0.082724361182541 0.676105529546865
0.0174461447654082 0.0593012336052962 0.385805704007356
0.0487836802686551 0.240135934314259 0.918379559740471
0.0316084400624676 0.0873253211838091 0.593903546848787
0.0257671051003894 0.0969156442746367 0.553787933712231
0.0288495218974095 0.114559735259668 0.6564568438931
0.02285308292979 0.0783719946121426 0.462960931855902
0.0463098904930595 0.242624649665563 0.919353291457739
0.0106627775790728 0.0331950564249224 0.215534278434096
0.0328387930309575 0.0928029888480233 0.690490286099469
0.0316216924695709 0.115412421912926 0.714720655333445
0.0416976582900587 0.132098332688122 0.876008710934235
0.023437400418164 0.0793233455733332 0.534105779479145
0.0443622058411584 0.11854970162656 0.835463886259143
0.102190442827171 0.305623932343791 1.77102606416085
0.028980687297723 0.0811468534735513 0.532420136925062
0.0220142532746769 0.0740851674159748 0.442363412341569
0.0562862910869612 0.192361825725 1.09603278353365
0.0194739331853033 0.106180596669266 0.387110009061624
0.0211610211987312 0.0687265507184632 0.475328905493195
0.0447126574759646 0.149309753334184 0.844996621226158
0.0114817626665501 0.0405774102178748 0.249614514081004
0.0320413347741564 0.115426280810351 0.591477327680893
0.0362003744456877 0.104287297000733 0.763498067845534
0.02524148926638 0.131627511680995 0.564566464249367
0.0155343983908258 0.0512759533209109 0.339387043437396
0.0464608794646341 0.107048581907861 0.706893611431872
0.0503272475183717 0.150380243962622 0.876230941552498
0.0289028040175036 0.0850815319004205 0.522195944883204
0.0228747839343669 0.0912321131195859 0.473065456377679
0.0275329221237767 0.0842595382465453 0.60865332127005
0.0510979467518921 0.132590138095877 0.943294955549326
0.0303589466021882 0.0892278110749832 0.632133280455134
0.040390950916059 0.119837239814795 0.821291088661692
0.0299136877267315 0.11329390643114 0.569969225075167
0.0270562229425833 0.107783327006715 0.613987309076761
0.0235962495131488 0.089886079139637 0.513586686884768
0.0263781624154915 0.0999188011022663 0.524642284527345
0.0515237307065958 0.132969477216998 0.944672413476977
0.0388525802095785 0.199259000848733 0.834569450049738
0.0301470666950282 0.0971359354213035 0.649799185129598
0.0240065439726927 0.0746606174058835 0.492141055429968
0.0218361059904464 0.107001817670316 0.494047217696125
0.017922710531755 0.0455525159926521 0.377214580433367
0.0233824548237129 0.0716502059287565 0.498033181108562
0.0289711090379776 0.0896772827862517 0.572074673691936
0.0468628416403246 0.180010709643943 1.03150908079596
0.0464761978499638 0.228918572965824 0.876861709042793
0.0236490697050013 0.0757026603761129 0.536939763295298
0.0315873489632654 0.138734596607333 0.658312110546983
0.0307604738014947 0.0881041576196389 0.62551042583749
0.0245058132999506 0.0896961585947723 0.508990437716103
0.0234324870910549 0.064119667481939 0.459741450952034
0.229238219259291 0.777177388113918 2.78725133667854
0.0804927163415962 0.311454476857961 1.67331191377422
0.0283388628988537 0.114026337811876 0.569880716847305
0.0154822151600621 0.0442272353128295 0.304390082801994
0.0429760812701789 0.135431209676046 0.931613252151582
0.0340394857511174 0.166863054722892 0.694478282676817
0.0443855930312562 0.140840600598208 0.992855701326785
0.0387566855111015 0.109135912455343 0.786828164902744
0.024162555178064 0.0850605357793264 0.566399892351142
0.215049775758747 0.55610786789116 2.64341271803853
0.053216492849622 0.179743339989765 1.06933307471175
0.0282436174956572 0.0934121628797934 0.582895776746817
0.0252541850181671 0.132431183163638 0.468294473802575
0.0560199058090554 0.189914364550722 1.06085341762969
0.0188368574982374 0.0817993843758104 0.42772589977622
0.0325585541924093 0.100848424803952 0.682186205337941
0.0969458783506547 0.477086907104548 1.84266104239415
0.0267659255855612 0.0807633692844406 0.585286534552236
0.0323796966084756 0.0988509921928274 0.634014132258269
0.023561127906802 0.109240422006244 0.500075805418591
0.0483064434268552 0.211233684878735 0.967787864723178
0.0361802148909596 0.140877548903542 0.721715156989119
0.0189462340080782 0.0710488442128499 0.437367801668662
0.0303657054950808 0.104015588171686 0.627151859091394
0.0295807946235382 0.0991047150312357 0.681556145842775
0.0334766760808581 0.0947393910526698 0.686087150166965
0.0213903683523051 0.0595270782514361 0.432052017097899
0.0490801104732966 0.142123569783064 0.993934911890367
0.0279318357437662 0.130761425876046 0.581130939350919
0.0188462248858882 0.0727642813196169 0.368811188945588
0.0427874388640536 0.0966197285740596 0.668317353080337
0.0312313723908847 0.0894938211191117 0.609869245925481
0.0204733741941965 0.103568307751943 0.454331031139701
0.0502440840505108 0.167737967302586 1.04228195935594
0.0491743190462578 0.145810265474023 1.00640777491853
0.0347232104379478 0.117261475623905 0.696948193376048
0.027577102787493 0.115001665187626 0.622908217137999
0.0261617491178808 0.123333152297667 0.45830420027329
0.0503672882592205 0.147427768719311 1.12838560587799
0.0185527796273719 0.0455656060880699 0.368722769718105
0.0466993669625786 0.106697012377357 0.929887479709202
0.0275066071475386 0.150677385435536 0.576482067459527
0.0219019941797027 0.0628660637847448 0.433078869397461
0.0248735305817158 0.0746698242306399 0.479548983599671
0.0496951063859781 0.226774251922254 1.13398822468476
0.0315357756888529 0.0852403402532286 0.681112077004141
0.0222497035366277 0.0587857791898203 0.424389549413509
0.0292776696446921 0.0997020654092198 0.612139722376906
0.0241123346424136 0.077594438894662 0.474406293296841
0.0486100898525107 0.167715795858189 1.05361907724114
0.0236490808044157 0.0688121828101011 0.494918383719323
0.0183321022419546 0.0673680418874443 0.443808023621036
0.021780535587614 0.0707634589701115 0.44358075378373
0.0369179039640052 0.118726915265513 0.816169968867581
0.033978373880208 0.117528829560673 0.653659835847613
0.0266872895794689 0.0863066348298884 0.574683770195725
0.12516441148223 0.426467454697001 2.19738238429071
0.0268281278481357 0.152935506477061 0.519506456796345
0.0491708699456404 0.10668188198342 0.896604052292154
0.0245418127127668 0.114140174910335 0.412862926754617
0.0579002732651023 0.257624304736021 0.967672141654547
0.0326762059779238 0.120990169193469 0.702577307538985
0.0431375009455257 0.147407632938529 0.864530794601834
0.0164146762317575 0.0556204595876378 0.330283712367575
0.0281461182467203 0.0923787450139298 0.57204477013205
0.035721514940463 0.100405855356487 0.756702232187452
0.0442454398972435 0.215330783034351 0.966517979616984
0.0530216714052825 0.260344183636398 1.00714447055399
0.0406849558229299 0.152037727603671 0.890205457257381
0.0706677858919569 0.275988585601942 1.4648733131175
0.0246924111330832 0.078904838515444 0.563837502076306
0.0197133936670804 0.0673692385217808 0.457555271317278
0.0269729140762419 0.140924917527649 0.591220041903777
0.0486674102821968 0.127971432408029 0.912789364979286
0.0735083134271217 0.244054693522519 1.4110509669963
0.0376648868404926 0.105367653220925 0.745167106564482
0.0344690774735727 0.172547018115841 0.741346541800212
0.0256300827474727 0.0771013638852231 0.475466797084531
0.0660171229220911 0.193609001139956 1.2789484726541
0.0281828219962836 0.0929703049301111 0.645263115065399
0.0175732011856315 0.0524963561281636 0.374166245395462
0.0347685282399426 0.137523739017961 0.790804866299201
0.0221613552519668 0.0943738604641363 0.494720470101654
0.0180754871503727 0.058838211723993 0.413918060184703
0.0699044517098271 0.388018858780568 1.40572198970905
0.0260412841691804 0.0784750292303863 0.550630348021261
0.0254953868698226 0.0769477554844075 0.559467517332658
0.0227632365981499 0.0696919356561625 0.519554851996897
0.0267592382188862 0.145184103099289 0.54343128432528
0.0269463440357661 0.0871065553019209 0.551126834476808
0.07149973027483 0.222517875780423 1.44413699657611
0.0903838857521505 0.308757106939974 1.73318261598268
0.0216801341902284 0.065513787249069 0.420068047577628
0.103158279256955 0.291381849270252 1.80214330223614
0.0723635681484948 0.31395633615558 1.42821567058764
0.0175050022353741 0.0559442073267896 0.375736128406283
0.0628303329267028 0.337110222635464 1.14512764008183
0.0630879034943451 0.281019391424755 1.20231245850728
0.0310223291210753 0.102741141321603 0.611302508509214
0.0289922432032662 0.101545888380062 0.618391641865164
0.0165981718669465 0.0516594873976827 0.383327461044379
0.0373852879518997 0.108782294974735 0.775221239065871
0.0262827295008977 0.0723407856214742 0.535199873810129
0.0261989593672904 0.0932835936380666 0.594299447191239
0.0507955330372981 0.218776008381409 0.944644465293335
0.0392519085794442 0.107141269288904 0.77677000811784
0.0267852095420064 0.0812254712229037 0.548924239847869
0.0342203990011133 0.0909841973168755 0.665659637078998
0.0456440991357058 0.169360664076561 1.04957264767467
0.0292068547506839 0.106366510797131 0.580869551404123
0.036548796164418 0.14153053873046 0.810488371001333
0.0334284996112186 0.0842978945003009 0.642049861547746
0.0271984647557752 0.0895009583702108 0.610115658342832
0.0460517727216075 0.189722509935336 1.01439461455031
0.0199809502847523 0.0618658879634539 0.406556501223291
0.106793372117685 0.387843312855069 2.06631115563669
0.0252329276820384 0.0759416912612945 0.510361760303879
0.0301683575090455 0.136227591742467 0.564114314271395
0.063891126598604 0.161807515261709 1.1514730013379
0.0567954197514218 0.240646161604184 1.07023930271791
0.150269800363465 0.461691465299578 2.31745712086794
0.0354613993301735 0.090413499153076 0.709533152132912
0.0428168304571399 0.170748503327262 0.83938636536723
0.0395074302914003 0.138313129852941 0.804188952765111
0.0362559787426245 0.101586049895142 0.702237804056225
0.0517232396354011 0.239052153834826 0.860151801183338
0.0236316102226813 0.0817132192491947 0.487525590168004
0.0416254280556134 0.167238705284308 0.686722829511711
0.0487534396003364 0.152937733627292 0.935787995819194
0.028108462267378 0.13802463868632 0.633353614595749
0.0146342729513328 0.0732490261165234 0.299045607983696
0.0467351650632851 0.101080095769142 0.743670733754084
0.039289018765914 0.139535420278282 0.907832600014594
0.0272497152888162 0.111898208629198 0.559659716070053
0.0219680848696859 0.113583365096697 0.450702612076735
0.0446506487984266 0.109107252216181 0.768366994030352
0.0228058156369116 0.064414683924568 0.488748308045819
0.0295096167606536 0.0904741573651407 0.621473038098346
0.0281794037320538 0.0829249537593387 0.515807669886571
0.0297527668464413 0.0914659526348395 0.624781043090524
0.0288136564309707 0.130410173773723 0.628179038138208
0.0823167811578302 0.230329950300439 1.54255907134219
0.037022648466698 0.102964970263223 0.734541064633172
0.0161950828768496 0.0397354734769823 0.328158693193707
0.0267534378622053 0.137526752423123 0.585760094714668
0.03543958591628 0.202381979700164 0.64949671797076
0.0522798730844003 0.22545652570237 1.13038270948787
0.0604627075215372 0.218903277889943 1.27446737961336
0.02107687580794 0.0790108018970264 0.507404419641491
0.0454294122838761 0.187275436698235 0.931250953260717
0.0272863480548971 0.0743179635287833 0.538354862232134
0.0157936463002108 0.0483996587290865 0.312588062758968
0.0302752346140839 0.0890545174683402 0.651215930483179
0.0659409001033621 0.280382909526371 1.40835998963423
0.0215036428105805 0.0658052989035049 0.385949960769339
0.0204777274080023 0.0489718287638996 0.416156301472645
0.0599477483460563 0.17617010312452 1.11423196437776
