0.0148186451729113 0.126286704359243 1.03814657506171
0.0160016356549789 0.0859828841850948 0.940767525503018
0.0217371525776108 0.141451114039756 1.43016873459583
0.0204222942011486 0.152460674664321 1.40745922249824
0.0163559931363893 0.135505759696007 1.12665599604553
0.0153001408394515 0.107490674404951 1.1052424872173
0.0343320588486745 0.208536760776983 2.0541045396352
0.0172049250743189 0.104536654461292 1.0903641421414
0.0189877130971227 0.144146674176537 1.30293007274621
0.016006217643926 0.122765722093935 1.14223162547321
0.0288257568404389 0.233927810015284 1.96820572026149
0.0167236435162468 0.1029452004361 1.1151490641394
0.0155852873252547 0.120815561743378 1.19778317345716
0.0163600500146607 0.100890261202976 1.05468820033656
0.0106160819722428 0.0702926345855792 0.725456495052689
0.0180715139817389 0.13609732952358 1.2476182134104
0.0139796584565899 0.0887662030420238 0.937130617191403
0.0151572825502564 0.141668964551483 1.05241097390744
0.0178162640354824 0.158892154068739 1.12154991858741
0.0173986008959351 0.133814898495987 1.23708467508359
0.0108490655557705 0.0689750554797699 0.826787488282725
0.0117534211768093 0.0818233789865088 0.8471928618482
0.0184827594568771 0.140676605993003 1.22360587588387
0.0123929086962649 0.0831677243497774 0.843424907361321
0.0227284339461579 0.157290834057694 1.48984488963216
0.0186644628040844 0.121312201410325 1.26207939393033
0.0130605323547689 0.149928879825858 0.962450354836804
0.0170787898727271 0.122945260389074 1.21163097783481
0.0183263510791662 0.119880123510506 1.24706962442776
0.0128568435872925 0.0853447122061403 0.890590426881131
0.016643391298864 0.0929924153229117 1.26041047786158
0.0257462214370549 0.202447909540933 1.79430381497546
0.0228527920601611 0.138112084468863 1.64656318201035
0.0216478695134121 0.175508876502658 1.49072775960884
0.0142534315143022 0.134983974524573 0.992495984975661
0.00963028844150909 0.0628829096942311 0.633441427732524
0.0135656849851058 0.0815014019808331 0.875012868152873
0.0149782333429188 0.0864841793011666 1.02946602866763
0.0252821702360701 0.189954926481664 1.59396664852496
0.0120586961804497 0.0607668423429273 0.790946989772855
0.023040869616816 0.126295397776272 1.4647620747227
0.0242327773958382 0.169479063491388 1.63631141967289
0.0179845953621437 0.139565271866046 1.25263528617626
0.0151131909495924 0.102019632375859 1.02105069991492
0.0189924770315129 0.167197606071586 1.43499332286906
0.0181498382936402 0.13501660873339 1.29645192121163
0.0170285440887169 0.118243448670146 1.16320360305503
0.017875752494312 0.127119714644976 1.27307881620456
0.0140526012251774 0.118699291426968 1.00147342280393
0.0154924981689816 0.10265778415668 1.12937355529452
0.0103128425761779 0.0842409276004772 0.711066387154389
0.0132092261999719 0.103960675558816 0.903939817053994
0.0172376674624568 0.129948037898753 1.25553779749405
0.0130003428224437 0.10836312951685 0.851429691839621
0.0148819143603214 0.0893633354204857 1.04738191125301
0.0119481884199918 0.11212154452526 0.838377448195291
0.0209197457434161 0.139247497061851 1.43073696239799
0.0174748977354183 0.121113664382622 1.15837762134865
0.0284645454017014 0.200528273817472 1.83712297528053
0.027854213387177 0.150925486396367 1.68207106385593
0.0196709853603272 0.150295361991565 1.31704493728286
0.0205538490335087 0.127940581118758 1.42279176647161
0.0151412571328416 0.0971045735347101 0.92911447654532
0.0167272338921528 0.117394213415744 1.1314334529776
0.0130566627106124 0.0857796640513278 0.856200628068507
0.0219789264614833 0.138517227707788 1.52161682824212
0.0200477123488284 0.160617654466861 1.34343135788382
0.0243652223766593 0.178864447184896 1.57609476598332
0.0107583858517196 0.0825216193144894 0.772454377448158
0.0167243084284973 0.0928920692183637 1.03727083926928
0.0103113089699821 0.083102520319763 0.74756203618715
0.0138061214030188 0.0998366720947878 1.0394363987562
0.0331003249145713 0.218946538702099 2.19459606338602
0.0178997713541304 0.120937391228189 1.33164460190995
0.0213144001489519 0.12390565205979 1.42324036779374
0.0177024000419702 0.125000657289212 1.2072568671907
0.0226771815853777 0.125580323790436 1.32150426204002
0.00878985762883855 0.0754520800521721 0.602097432258308
0.0265946694336938 0.179551593688331 1.74968584375948
0.0165698798687647 0.101936003159433 1.04690755240981
0.0162455612682696 0.125796320249039 1.11769682362366
0.0179938725171678 0.124270509124361 1.27993355635662
0.0218719800931808 0.153889811836119 1.51985218296302
0.0209316482488532 0.142042197151297 1.48765273586079
0.0166978650323494 0.13147584515098 1.19303419571027
0.0116036420247197 0.0633348114510208 0.741431441276901
0.0157424301009021 0.123523399273075 1.12520987077883
0.0180702288513524 0.141302212940964 1.34762642620577
0.0220435057496968 0.214927903804676 1.52646548902699
0.0180499886871909 0.117616227143045 1.27192207992438
0.0103779308468914 0.0834521426656438 0.74021420339178
0.0132505411518295 0.097669600280168 0.91717886529723
0.015101447738124 0.07339667738804 0.969249003658844
0.0144845328820445 0.122317366177576 0.943658961582896
0.0234568659786203 0.11726249527499 1.39795867975346
0.0326625231127319 0.220738751639264 2.04027941844
0.0147326679984953 0.102621053065922 1.06569455067455
0.0183560981400395 0.156109955432957 1.30235026503722
0.0155188618740459 0.105107870328329 1.06484294997386
0.0222177986317604 0.125554839641289 1.46972734808039
