0.037519786921284 0.298624426344897 1.53766082046099
0.0233821028797473 0.0860047368988737 0.816906182389107
0.0333767503824461 0.169614544655656 1.28749100091358
0.033777258488563 0.154105824969687 1.38441212815753
0.0152906300362043 0.0668037526431543 0.644648805041734
0.0252273433511516 0.128444800015627 0.97135143922475
0.0552674499645407 0.269192675198918 1.93749807774013
0.0374113220219809 0.214201482853102 1.58871310560124
0.0270359324660533 0.105796861060347 1.03112174052841
0.0331768829682453 0.150379326774428 1.41649948049817
0.0581348414790042 0.325360685429475 2.18750137708505
0.0388342435258353 0.139869579786288 1.51076950756793
0.020897101641558 0.132457535436009 0.931320465116623
0.0266534816741404 0.117598226680742 1.15338333896019
0.0206380271704457 0.0866605986837783 0.811827248104618
0.0207682331584151 0.103488208322406 0.911910461700601
0.0292527661932649 0.165467858733528 1.22888066406928
0.0269652585872837 0.144558040721806 1.18617161648048
0.0302494466029837 0.112007680650657 1.10511398280188
0.0404407572274216 0.242104799045457 1.68356943763468
0.0489951681226114 0.249028422883093 1.76111487891672
0.0194958375788305 0.112510960301381 0.828341404314003
0.0292396025807284 0.165861737868095 1.17199526352264
0.0213387022241035 0.124792836863686 0.875545249883624
0.0411787759665026 0.222040393475421 1.60026985805707
0.027822436059301 0.152157583396789 1.20012166839891
0.0413928724819102 0.303659366111928 1.5594547755405
0.0205187727285979 0.112283164644377 0.851788579147254
0.0224109284583701 0.117598678064387 0.933728305829911
0.0357754677597036 0.213236274839915 1.51919253281447
0.0459348304486557 0.242868922450266 1.84569061504978
0.0508900656344279 0.237889226524275 1.86874370596245
0.0527071016904057 0.274391226577211 1.88822306099425
0.0364172226029101 0.180605795958118 1.44280048432764
0.0238453547178681 0.138475908039696 0.981542363878717
0.0156915919074402 0.075298986337537 0.609412448343997
0.0196209508378975 0.0793264275912864 0.745458595095859
0.0240040733681081 0.104846442491158 1.00505041483955
0.0533543846989032 0.224800613831886 1.93025399443162
0.0381319964211226 0.163300136091267 1.36260743045013
0.019722173652573 0.171302258706795 0.817955931454932
0.0291402226863832 0.109945469732571 1.04189392220403
0.0273915454989817 0.169401360274165 1.15260144690898
0.0411422277432314 0.195105153649845 1.69436920988015
0.0552235394679235 0.315568947652615 2.11742686845066
0.0278552705759595 0.131042652162678 1.20364221402549
0.0362614173825762 0.156344061468606 1.45999099591704
0.024248196789401 0.127012801176567 0.908869384516605
0.0218377243310754 0.0955277859361816 0.791655243135004
0.033159593798904 0.173481515849879 1.26213842007229
0.0214137893254257 0.128751087735541 0.898153140580324
0.0376553312027016 0.175833271080605 1.39709348675862
0.0228471669329207 0.14507647467387 0.962534088057631
0.022648976238987 0.091819853150743 0.912061980951377
0.0268114648669791 0.115563305531646 1.14047977235687
0.0216142457648933 0.150711050539842 0.909547269390212
0.0187244908299107 0.102979041469148 0.725686958773818
0.0398733284045013 0.195275680158851 1.45290399878413
0.040473451397584 0.17606585088288 1.55736806859491
0.0392382548633346 0.205629983283321 1.5316656616626
0.0244278836928192 0.211724678963067 1.04108179265014
0.0253500519077443 0.231745474212694 1.04241033935738
0.0327573772531706 0.207929365088254 1.33094144105261
0.0177124397453688 0.146245098990737 0.761455766655738
0.0222827663927817 0.117273475091483 0.852077131203875
0.0263909315632269 0.137643131262146 1.05447415680588
0.0247232451299098 0.145559311369563 1.10789243584267
0.0167092545200939 0.0881141920405752 0.690960218592374
0.0276488676455432 0.118535896661695 1.1467953113677
0.0311654428282259 0.12778610286858 1.0739332740299
0.0455902078860485 0.280373217791609 1.7886950004951
0.0606745503222118 0.431906208140177 2.20845329801163
0.0230313385368232 0.137346044804994 0.902103640344361
0.0172489371902861 0.0963613116714958 0.680565406482511
0.0214576522025347 0.0850208648243679 0.879208594360614
0.0315617273486493 0.166994729602137 1.16562374406087
0.0316759393366313 0.12184942928342 1.23060566859691
0.0329558842284243 0.235673788940405 1.32574796576436
0.0212129445167612 0.113941414452997 0.900589339446981
0.0452304642924435 0.227326047914864 1.84233533119695
0.038078537455269 0.20005499400634 1.56372310162314
0.0300064879955417 0.187996791060449 1.22725472549129
0.0308039483900365 0.177430751700487 1.19212561225349
0.0189271317685965 0.125774888465531 0.835143634026473
0.0272849648639836 0.123413839713372 1.10902899246105
0.0440158946330653 0.187862594746525 1.74563833324031
0.0223679944375182 0.13393136429664 0.912087542580662
0.0395171750927377 0.345850182554607 1.65225626242012
0.0286588208205711 0.19149195311863 1.27336082490331
0.0236414528689689 0.102507613511473 0.944621213765183
0.0243926637551162 0.153897014500217 0.927151530551906
0.0310131592048871 0.153330512665453 1.1424486855838
0.0357251210615802 0.177475597550478 1.48086603483505
0.0299536964404943 0.152653981988834 1.31865546923222
0.0467097962580138 0.196875290695162 1.81189677498829
0.0244399021128284 0.122355181481472 0.962369273184433
0.0386585603284973 0.2124600048468 1.43163652532922
0.0364070031059386 0.165019609247444 1.51030105099242
0.0155503855214547 0.0731841619332189 0.599154287885258
0.0269590013064081 0.120304990619087 1.07052077512838
0.0175117098160395 0.10218947148229 0.660277657337633
0.0328638671762537 0.143898880971471 1.39854223876643
0.0320655953865246 0.151662045581649 1.42279598317919
0.0273121042626881 0.166797308086233 1.15860769998924
0.0365074331590195 0.162811090754625 1.35818217478974
0.0183479257212492 0.0714899404568917 0.7302316162127
0.0238309967983379 0.123823067368544 1.01966644534073
0.052088056441188 0.180642576906055 1.546875831496
0.0299562910064679 0.169819251163063 1.21380665100027
0.0544239150909451 0.253098411236612 2.03356642419749
0.0259852380166304 0.182271470592897 1.04900001350759
0.0148916412024285 0.0900936768003303 0.684341284436361
0.0244364602117781 0.129870841825461 1.04565968149027
0.0289225594490398 0.17253869189906 1.24804300769702
0.037571601791798 0.153701654908059 1.43041199331911
0.0448028280885965 0.179567654000966 1.74328985732593
0.0523119584258225 0.227601365268401 1.66289466114281
0.0212440961174232 0.115646331985117 0.958002200796008
0.0126748148877897 0.067547757357375 0.54088284785507
0.0280326392869866 0.130410001387687 1.21663494489945
0.0576481062302067 0.271082414512911 2.13430206221224
0.0178323409224352 0.084034875967174 0.804799296399106
0.189902508792851 0.775809853749086 3.11487616831795
0.0206263469137082 0.0929897857441645 0.878538458711201
0.0304835660277396 0.158647865302619 1.29790584232228
0.0306484671413548 0.123146361114615 1.17152408585308
0.0213873911490823 0.0979046892609732 0.934505101748495
0.0182754382460853 0.0747619357201073 0.718174757298313
0.0189703844016254 0.116890102229161 0.76918089002043
0.0387423557112393 0.206006287109767 1.56498742655728
0.0429299589701671 0.190634440110261 1.73545562745808
0.0276957330847724 0.103973360255816 0.971645380396639
0.0356118863237201 0.187187151766564 1.54902353283744
0.0224061286966052 0.0944675655277389 0.928170776378878
0.0224455710620676 0.0915462295766651 0.896463683362022
0.0223725236598299 0.0860942931676974 0.832053347186944
0.0459332044722989 0.19088868371009 1.78354232232365
0.0214619222369014 0.126657835489909 0.957218084037513
0.0273075123214276 0.171850674590601 1.1068329156033
0.0205150631549943 0.0898673610234375 0.887119652594947
0.0371118006660038 0.1508211085912 1.49924485353262
0.0209085922129071 0.101246526170768 0.969067434378463
0.0471298891707775 0.337058102438256 1.77768361914405
0.0362146539743449 0.228439578580561 1.41206813513186
0.0210805241774924 0.0906796478349861 0.8326180908526
0.0463843733224948 0.246247630907271 1.9017476487332
0.0340249732683217 0.160279442734222 1.33871528875677
0.0225489113142841 0.104546641058481 0.865199439105577
0.0290904474973597 0.105907102020033 1.17271190663138
0.038266061672319 0.163861834358525 1.43616447596753
0.0465812272970903 0.191377116327676 1.67303138965259
0.0258575051118908 0.115653511934761 1.07635840390508
0.0233173606407293 0.164963445310635 0.939275399887524
0.0595577284974967 0.251664199486507 2.15900241198786
0.0194501179940851 0.106017578054635 0.819808039942566
0.0252795715316742 0.12546053436711 1.0952594937414
0.0379934833580472 0.26542623447019 1.54663841086338
0.0622741170210976 0.351812545886386 2.17788265889587
0.0409518970393348 0.289794402552712 1.5935584208435
0.0186926152355089 0.0884836413804687 0.810986889421059
0.0302681872316779 0.137129959710036 1.26168202000965
0.0212353895461963 0.13810747837719 0.859133005348957
0.0732233572366085 0.286652722683647 2.36898047822872
0.045572552800379 0.261392745964148 1.71853123009255
0.0436434788084983 0.325203241329697 1.68786004920382
0.0379096665729019 0.208627251304585 1.47547141899621
0.0358641520249622 0.188165639851295 1.36544300704759
0.0326342804707492 0.171506966743973 1.24306417276034
0.0338714393590406 0.133734486344867 1.28668953522887
0.0455156032035905 0.24910345663677 1.69009330671329
0.028358580421537 0.162217285052269 1.18665730182707
0.0310175413490664 0.143968569838696 1.17053866411641
0.0546979555211418 0.235449794349264 2.05705670035551
0.0393449235973556 0.234619710875607 1.57370637693184
0.0348921259363324 0.204625894190451 1.48413543724219
0.0123378091696014 0.0617259310373958 0.5695767081755
0.0418576612439661 0.211932327446935 1.72185303542394
0.0201613348907754 0.0839374273515605 0.818823922257381
0.0401022829563372 0.271045908002718 1.67259195726157
0.0400064598625931 0.189857997946636 1.50430710720282
0.04563822950175 0.152513379169205 1.67633393111243
0.0294552271398245 0.122171385054566 1.08723170629253
0.0311321455943369 0.131346418373476 1.19507560258217
0.0203271196959839 0.125689189059046 0.866684577237556
0.0305961029319899 0.192493931552933 1.26486672770516
0.027298697064985 0.141272997565217 1.05904297011833
0.0270146957994301 0.151174739680651 1.26840041606695
0.0729538694563714 0.416644689215593 2.38981576996272
0.0335997687422262 0.154974186013015 1.12102991420018
0.0434784916650108 0.201053152370195 1.66713402592373
0.0256143091198126 0.134536807371039 1.10709132171674
0.0232883103010132 0.129853351811827 0.980231871846926
0.0365509380773198 0.142138718125373 1.39020975382802
0.030075354199038 0.137062240162298 1.28623817784869
0.033311542730288 0.144214397019874 1.31465171114232
0.0297684933973825 0.206531381607208 1.23852474583319
0.0339354003299589 0.13437838705478 1.30320216374644
0.0263933751261425 0.143827656486415 1.10120742221524
0.0305741937695216 0.149099075855562 1.3589900398639
0.0121899824602005 0.0684315715961575 0.484784238978657
0.0278121489229285 0.155155530778401 1.23780180441831
0.0286465791596668 0.129122371176515 1.23027910372806
0.0273476090978399 0.263608933197971 1.13753306870463
0.0438031588078685 0.246137362461413 1.79114379313761
0.0243495195881892 0.127490942500544 1.09550359457139
0.0261240094920225 0.118417147093564 1.11266569327348
0.0379954847584402 0.160665073061587 1.39485566518341
0.0131545525606273 0.0783597554297102 0.577360839247288
0.031087089620458 0.172957654940231 1.26840215764645
0.0272169414006008 0.159403438906392 1.19994973798442
0.0309381928306587 0.139849651736142 1.20579335480844
0.0356354683621738 0.343249060874412 1.3981815314053
0.0172968850841013 0.0638854565306459 0.69025365105907
0.0453384195797051 0.36421427147612 1.69894367115726
0.0296297608066037 0.142019240885132 1.19275239453685
0.0271457856990283 0.193300906723547 1.16152527524722
0.0415201934432918 0.177083517928263 1.55276384881949
0.0383515659244212 0.206041439587083 1.62540974851701
0.0307068000148959 0.117736955751767 1.13476420470713
0.0374018810095805 0.16310549767834 1.44524251817449
0.0420333398584373 0.187248533085366 1.5285733020652
0.0248372458633628 0.102899282962587 1.0102317113116
0.055113356397206 0.306436671617951 2.12773572349893
0.0381629510706573 0.197311021668703 1.56815140929605
0.0331592638352286 0.254309593204164 1.36253012141824
0.0284195381031386 0.135395089194379 1.12235360490564
0.0556005777234856 0.238946436448971 1.96058484806441
0.02847602670402 0.126056042180511 1.12143281143898
0.0199396540240675 0.112485482494144 0.887351191329907
0.0271806860276558 0.101590770182334 1.02996555934947
0.0141663852608171 0.0758809959500172 0.616224000421419
0.0141580796840242 0.0613619435553948 0.613792775633905
0.0251387508286669 0.118885098657849 1.03304886705864
0.0247498629016722 0.118552625932562 1.0305966746492
0.0189552043423015 0.110243845918689 0.79389481169983
0.0309838163157841 0.196856903170993 1.22641417184024
0.0253298176027711 0.118954439512404 1.02635533807831
0.0222985340401533 0.129225257436375 1.02966018087793
0.0372263826126288 0.170106605594226 1.5227627549427
0.0167885135580073 0.08779996557782 0.694172568339615
0.0334742107398235 0.220466780004869 1.39108486576035
0.0386956038485787 0.165986132040664 1.52863219789427
0.0457993870992882 0.249966033382175 1.82226877864424
0.0628172089834748 0.295838980426371 2.26000954380588
0.0250922291059381 0.114535745267525 1.06620319258504
0.0360901586726834 0.176507838529036 1.30097051455053
0.0313100091424797 0.119040624886318 1.20137968215452
0.030858006475081 0.217123004378813 1.17643506994125
0.0280654373718381 0.162314108445178 1.08571320886685
0.0343145789111824 0.152964610801538 1.30159500885804
0.0245953694024009 0.13898737131498 1.04321726082954
0.0292049673584573 0.150327521889652 1.16532938776417
0.0215191335216184 0.1395559799596 0.943366087555431
0.0475340804877893 0.16399478562372 1.5582121633237
0.0189778430062838 0.105411255270861 0.805376064592087
0.0213270964088798 0.11187548482475 1.00201240410933
0.0174685466119215 0.0764616119797385 0.75366946028183
0.0306511070686619 0.15787546671667 1.41275601031925
0.0409554680362144 0.263666497853721 1.54799029856466
0.0190246752146032 0.108452891490943 0.796605136397116
0.0308564053569234 0.198154969502566 1.25232415441139
0.0242313025320936 0.11590005018128 1.08003606343555
0.0200201450724524 0.111004998406098 0.870944408930391
0.039740607101213 0.235131872434565 1.59529106653239
0.0773864066425778 0.733221513248818 2.55040005505902
0.0370919684393708 0.190004618968415 1.39828349229926
0.02938337922932 0.13257846204191 1.15107715903714
0.0247552984274771 0.108253636706858 1.03161405138242
0.017926948007158 0.117892227365328 0.715507936526989
0.0216756298551079 0.165911631296121 0.854725496558455
0.0358241191830133 0.159031056095048 1.25834042252103
0.0283234058394863 0.126447424743785 1.16683367850533
0.0274118638534941 0.149888147879091 1.17936909383126
0.0195572164614268 0.0971854533440053 0.775549414563648
0.0344702202748622 0.179759264050379 1.46070635337398
0.0191222395135438 0.101411943264926 0.840201833809615
0.0466980876581121 0.383001168431724 1.81519082250999
0.0265541143483094 0.150164755280581 1.10147283789199
0.0328354131541133 0.173784413666387 1.23146852596208
0.0240705155587349 0.159483246155456 0.964722599228426
0.0334072823818427 0.159440974524278 1.35738378143686
0.0467593275592268 0.283878678829135 1.82087419029812
0.0879515230074628 0.376219253790404 2.60580125782513
0.024164999637936 0.145170428463064 0.992955000570421
0.0220242169135685 0.112790732165536 0.94481591005666
0.0405670068800966 0.227990664447962 1.48552715090898
0.0170870283699093 0.152323636821235 0.707967587304841
0.0515850136232753 0.186198795588962 1.63331998016065
0.0177707287824639 0.0857323555850728 0.776670480839173
0.0401907245129041 0.197404336699846 1.58246583867007
0.0333371096494689 0.198657288926019 1.34708031110317
0.0210592741024362 0.120144509110095 0.936665272580709
0.0205894803980432 0.113308457755041 0.860760893961232
0.0318516245499054 0.205082811229727 1.13617580318543
0.0413067642306228 0.351203075713246 1.63822377043673
0.0250828004283987 0.113169491011512 1.01617044314826
0.0249503618356073 0.128584771988095 0.970929700436573
0.0614148327107409 0.262332418161919 2.01715722860344
0.0208452789079252 0.104082382242994 0.878643368347175
0.0224268961986956 0.106173122881375 0.867297799894539
0.021437860840141 0.107206808136129 0.877560203160436
0.0291951127883205 0.127446402350504 1.16076517866453
0.0387231484691024 0.235137877738631 1.46553802275526
0.0427734070231621 0.221859638581668 1.71303740997071
0.0191992281551762 0.0732116456032627 0.703584148947015
0.0232204876594317 0.123608140314344 1.00567878767856
0.0281489302109308 0.191059185601525 1.08089101244856
0.0843578703281638 0.336751123645861 2.70159219572214
0.0237227839304877 0.114934907061412 0.999399499699511
0.0213459327342783 0.104645109230214 0.994143600921402
0.0324461377964489 0.162160567456927 1.31682612555961
0.0297681273246233 0.158111839688851 1.16498602574236
0.0289761718574736 0.143040759992447 1.22901235569001
0.0282071182788449 0.267250162528835 1.15126291788523
0.025200226024579 0.0996788693302934 1.03449500701122
0.0449229051555951 0.325495453471202 1.78828803996085
0.0242223543991 0.129612601108509 1.04902308640494
0.0242667342879766 0.130137025233914 1.07232738027906
0.0354191169609248 0.183376814845323 1.49672818764347
0.0308222019921089 0.133182345373128 1.26670268805698
0.0199269632555813 0.0994296640261124 0.828064900254447
0.0235907337902901 0.130321135026165 0.838255400597748
0.0432384589531725 0.197532462444021 1.69274388214545
0.0318582165078079 0.126172767793929 1.21303294204685
0.0396774986805978 0.243372955338034 1.67364962287244
0.0410667270900335 0.211388256408237 1.53554502953359
0.0300312577738612 0.147341986602884 1.24079210032179
0.0228469957238524 0.110311848999904 0.918233405804318
0.0313762503237313 0.194058792142941 1.22172883199362
0.0164607666113978 0.0912808708901626 0.758220209812082
0.0197032604311083 0.0978508642251 0.703641145490239
0.0177751216251249 0.131181896264841 0.77298600693432
0.0171231039817095 0.0885210792901947 0.706955858529826
0.0197250431203765 0.0889100102993161 0.830085100142882
0.0443700959197613 0.168975719287437 1.60140943229928
0.0379756921863034 0.277574755551226 1.52741614924639
0.028444792406233 0.136079656993169 1.09875325824
0.0186842209660546 0.104167863217363 0.843876350732892
0.0290786654521976 0.129059971290683 1.14758874219911
0.0400566834553162 0.189625203827976 1.6995077319714
0.0297463008891703 0.229817140950833 1.13620936730315
0.0251144694270024 0.143768411694306 1.06897799095118
0.0265831426894531 0.155352298766216 0.93223024802399
0.0380235250181721 0.146546873151187 1.35957509419089
0.0352488110675563 0.191621983076541 1.26364448333906
0.0252694983607972 0.161784043065267 1.01025426066269
0.0406485757082604 0.179361203697448 1.63867736310493
0.0385712809874525 0.21849708655605 1.5508069659128
0.0260404150137236 0.143408376766965 1.0610521135729
0.0270367970347437 0.154013276053727 1.09215289683051
0.0229849857234983 0.161217159925075 0.846126981106568
0.0320534852829157 0.120452139329173 1.33126840263004
0.0374077033739911 0.232927150374708 1.6635808261751
0.0375769654460112 0.196347401277461 1.49097304460628
0.0195620483890069 0.0905015978651416 0.876957129244428
0.0307063713429775 0.153893373421128 1.27087436054729
0.0356029768282427 0.162149637614472 1.44641560583359
0.0228018219960213 0.153209771075978 0.989948171503231
0.0230082504920062 0.0856383231968482 0.951193573772247
0.0275741277878564 0.138648705331051 1.06683178217183
0.0284370030489377 0.120999878897537 1.1924807119328
0.0238536688005174 0.105678667047677 0.862321485634117
0.0300370651564011 0.175419713153319 1.13430021429742
0.0394702671108546 0.17758057683672 1.52554968584507
0.0201565806409762 0.0789763148399369 0.802539525283383
0.0318732500870749 0.130648954557531 1.16059746862057
0.0283148315700677 0.110641551357124 1.08600438664059
0.0338808847487786 0.155016346725315 1.31215776607984
0.0389979588079939 0.208297684150629 1.56187067356998
0.0501491945812665 0.284447044790135 1.9626783639192
0.0256148497096633 0.126200823265336 1.06418013526506
0.0392939857629867 0.193312221145465 1.42880743414402
0.0306063799558766 0.137513208591388 1.17565718213647
0.0359966720319711 0.149404975020936 1.38356508527788
0.0374986780263716 0.15037502386166 1.45804603847773
0.0186677493565119 0.0891765131138921 0.799014457370353
0.0271133643561375 0.156400341453888 1.12199596191754
0.0317346262894436 0.173651251447989 1.24446236782801
0.0137081811534345 0.0754656934936799 0.587319551103941
0.0349706191950292 0.160329654792279 1.32139735642551
0.0281934639022148 0.132629773585758 1.13836285703806
0.0344673349616015 0.201199510493938 1.34898008069257
0.0566361671903539 0.294970989710259 2.22795352750682
0.0393980283485853 0.200712443474567 1.65315244866351
0.0618143579248537 0.436910437976148 2.2236291798406
0.0191611823583969 0.0894070631107561 0.820486565481229
0.0152049848905995 0.101673940804575 0.620238560920373
0.0283532764170242 0.141611081796795 1.16498795571181
0.0136803450241518 0.0787012407048871 0.563048432919095
0.0321267620851532 0.139033503585222 1.25363688413502
0.0212812626309877 0.0964223138572622 0.861235838159622
0.0212888842272416 0.104692182903039 0.953022349265277
0.0409074883510128 0.208714872020726 1.50715512193173
0.0143548037062614 0.0813331393572789 0.63939299088355
0.0401359221792132 0.168249282155322 1.53803421504567
0.0325132092035352 0.210175266926834 1.24784140205327
0.0877720068677945 0.363546559622406 2.7119416972449
0.027918089342707 0.158290936418858 1.13672321020356
0.052955392273142 0.190613749572446 1.72299554859586
0.028519982968 0.201256566110855 1.17488316455615
0.0570576657371165 0.363413311725498 1.96398914055874
0.0283845119376861 0.116393875154224 1.11166942477677
0.0275995228027696 0.169942323607885 1.10321558362042
0.0560696389673498 0.342176206609365 1.95504197636109
0.0534684444641621 0.276329557083319 1.81144501058669
0.0359838397094152 0.160877272036388 1.37580666969355
0.03631481349569 0.247615455903773 1.5161517313683
0.0254066776641818 0.133803835476466 0.972229972397501
0.112940046817019 0.673425033706141 2.86206203930828
0.0334836541432701 0.196608049407471 1.36291486562118
0.0253230930937325 0.111274804831303 1.07444117675754
0.0369694631485041 0.213252022430041 1.34202054430006
0.0308570562631974 0.178825478976446 1.23268258918332
0.0263135858364631 0.13777650438691 1.09538751643593
0.0276026113680763 0.120857342743531 1.11657518741509
0.0309498635197164 0.146818064339267 1.27352412125849
0.0474346823369645 0.198002539329555 1.86167700713499
0.0360221524678551 0.201023677668843 1.52098682811205
0.0175151480283614 0.115332547498363 0.717006121494349
0.0409543673326116 0.167621974310727 1.4199944870938
0.0330718908008389 0.133100298372278 1.23275181590279
0.0263636786656332 0.150645395943382 0.929178239549304
0.0335051394816168 0.150373507136281 1.40435739616536
0.0416431359864585 0.204916923814506 1.63598815771036
0.0373538062187343 0.223876208961674 1.51868815189395
0.0357061126307469 0.152664686719654 1.40401940656627
0.0317055489875708 0.145122538353038 1.35913193262538
0.0226840081809374 0.126418953753005 1.02779818166532
0.0299366362766873 0.127766805521757 1.24080261729664
0.0277105478264903 0.143298696207498 1.19164671352656
0.0363436716997004 0.192416982388781 1.51179287228262
0.0529623512616338 0.263403601025373 2.05944050638863
0.0210967295707246 0.12847392878829 0.925182218372992
0.0197792855664739 0.101675496506434 0.871252591449423
0.0288636112155046 0.170663946424444 1.18428992402721
0.0306479769480195 0.133777226521462 1.23202280919161
0.0406266907820249 0.26199570932133 1.59460142419407
0.0312528984034821 0.173109296773684 1.31289120151965
0.0401884688866696 0.171918484224626 1.50023987833746
0.068805184056425 0.580271551369809 2.26049094018748
0.0452503516857871 0.280046804633561 1.80434490948819
0.0153794859517538 0.076786447909598 0.609645892648753
0.0674825190408828 0.392534387834464 2.30720355654851
0.0224293189168197 0.150729714153474 0.989139965456658
0.0453111290843286 0.187905312408757 1.76823289700803
0.024709800982749 0.0958179530016287 0.962336326111891
0.0264414038675936 0.142165124245177 1.16861874308397
0.0206117802230337 0.117937582902486 0.850015416768572
0.0218151124982866 0.115533816136943 0.976948725981957
0.0357397564090896 0.215489464627841 1.53665356879211
0.0302608382411802 0.157480326184951 1.24039220881245
0.0574326392979002 0.237863148902967 2.04692381427822
0.0200780925841342 0.117098557747265 0.845556459171684
0.0256134922208691 0.136228250126302 1.06341543653096
0.0358331187471983 0.157293409771247 1.49678125149323
0.0309517721322054 0.14334631663487 1.17930638543855
0.0267653641118726 0.140822441717793 1.06023781971252
0.0200945015698738 0.143825974789515 0.862113156370592
0.0604006607175268 0.280871185172565 2.31759563104599
0.0188602170917981 0.0849368251842784 0.825961714663253
0.0222457696788174 0.156020212447141 0.767153632759729
0.0404349917624325 0.25676549787965 1.62283559664734
0.0333998487965602 0.136555077149313 1.27957960112635
0.039634795135363 0.238419840746187 1.51881458673098
0.0470627950299212 0.285730293854138 1.83915773347688
0.0216951473864952 0.156786418773137 0.909942041598364
0.0231730523802861 0.132491524566936 0.921397454281404
0.0165144174337881 0.0783405891148296 0.707143214842608
0.0190256057270582 0.164676596019936 0.747817912055876
0.0420973615492648 0.184670954807439 1.64565145931877
0.0550548207685842 0.339965163279831 1.74404170922197
0.0218386446299303 0.137025927771075 0.918769134993965
0.0292763402831256 0.175932856539701 1.27932031827125
0.0383319840128846 0.222178997472648 1.53502509642516
0.0121576420351681 0.0671368063860631 0.550691451497088
0.0277985061334816 0.121083222628281 1.14419187342006
0.0355202217515616 0.209105918828237 1.42344099325344
0.0243817250022165 0.127703141155354 1.00797865604124
0.0300787156552586 0.1971688719613 1.21302365734862
0.024456500150414 0.115617438116072 1.04277610714696
0.0342879289037434 0.238311124868658 1.45185082706943
0.0515510203169664 0.22659295539354 1.9732667736289
0.0241903975261006 0.176218068326351 0.975190488781586
0.0202724246816368 0.0937765621249809 0.840559594898988
0.0317064022636941 0.164675633556629 1.31657454737544
0.0355246378401713 0.165085520875299 1.3173506026814
0.0378951184135867 0.190516289783725 1.55097832142687
0.0254617813318335 0.129956970199628 1.04891246711138
0.0111453196594348 0.0613221304000432 0.515085576515777
0.0329065546894304 0.212675286764284 1.27498481949379
0.0267525443716667 0.18751783070487 1.06303311403555
0.0297352078804504 0.157557470606543 1.19950018528272
0.0447198540512764 0.204519885112211 1.6920217893105
0.0295819048237016 0.114068933708162 1.10837199137897
0.0483136652786588 0.237188453966107 1.85332330788687
0.0239854854832689 0.114842304365895 1.01059295015703
0.0217642008451685 0.104245518472574 0.967381871833474
0.040131732753876 0.264816728449897 1.48738149385914
0.023395961440401 0.0939741514245662 0.873746991358155
0.039423210022785 0.167060179044511 1.62871972167289
0.0264478244806164 0.186272234240785 1.08042471332394
0.0157545953041637 0.089293994087029 0.668569167115064
0.0214186317147048 0.101525272104599 0.766436985147111
0.0172001141866894 0.0724135380708858 0.661917397072773
0.053643908287038 0.254868628014809 2.06431356434472
0.0326566697673636 0.179570850667109 1.21770301434919
0.0617236281368765 0.34440634451945 2.04472198592172
0.0268854014402982 0.104932843234531 1.07164279610727
0.0204894081314091 0.105953238709883 0.877846415804934
0.0220497020646096 0.126267414422491 0.889156805183042
0.0279645046401906 0.119352246535348 1.17342663615725
0.0271137485371866 0.160545673755715 1.09193679263676
0.0234563493725659 0.154973504099013 0.920893077024956
0.229812371369158 1.34365984867136 3.18663566729163
0.035222383844055 0.141081349666346 1.42604100129015
0.0246843563237221 0.0935274256489135 0.760771853356095
0.0206614588867925 0.0820439199362501 0.879349295436392
0.0345889370975376 0.164023898270304 1.35649306261705
0.0588032129065847 0.269371237164174 1.99574218898126
0.0133022815443931 0.0552576570170584 0.44585546894816
0.0189698755232761 0.110036334923447 0.771899900590745
0.034418352166393 0.193969035087943 1.42695789867465
0.0224436018271508 0.102677622383085 0.968095314759611
0.14495274307405 0.684650286475802 3.0763201409358
0.0272393451857627 0.111908601776211 1.00553479591746
0.0385699131140242 0.203039921736269 1.53319983568771
0.0230592382875379 0.15724678894843 1.04332587970179
0.0346559248954631 0.149790755881595 1.31070018000684
0.0268130855399412 0.188855872041605 1.13840781461641
0.0184686430671451 0.0829773933600013 0.810699336506553
0.0200716079875159 0.12187811058377 0.798902032730621
0.0422973552434677 0.204852614024641 1.74624848989093
0.0242092510742868 0.172852722625761 1.09867963854237
0.0234344232621705 0.118844837218097 0.968153417661263
0.016016129521467 0.087997806655944 0.704720303498278
0.0214350777858542 0.107204283166577 0.957056019117589
0.0534819309452185 0.312691523818255 2.12361004896503
0.0276805451406941 0.11233666098721 1.16222294474249
0.0322958332901472 0.140756025178697 1.35174872016816
0.0266367770289821 0.111487740700901 1.09884629059759
0.034994758753928 0.127761947931307 1.21666201704877
0.0456154311060909 0.200932404238274 1.82779248051805
0.0216698030668903 0.110093031213368 0.928547258256817
0.0244853035724501 0.08569347614007 0.848494754518275
0.0181422318485365 0.101519650178987 0.790263479142768
0.0330871369022077 0.204267422876223 1.38913195469336
0.02977272700194 0.142429743301748 1.20783623022006
0.0127351440278517 0.0565259604929694 0.544890613932441
0.0437254788185786 0.202285392626341 1.49285737780617
0.0529871723458896 0.275423594753758 2.04808372304772
0.0252522448271343 0.17198135532517 1.02084941410692
0.0407166964649462 0.193986975908037 1.76805257433479
0.0470506458662383 0.189821665052188 1.86915077646761
0.0474837960571253 0.193419959145325 1.76631433457193
0.0262857670123545 0.108061547311166 1.05160623379877
0.0421197647620756 0.241985863337326 1.74559578662022
0.0540494838046112 0.318010803699819 1.9706890378565
0.0562366710858592 0.226802289517511 1.91147306380003
0.0249746759902794 0.131388506124303 1.02658158363598
0.0500092059671498 0.251609394248747 2.05167416590431
0.0564122526763629 0.2744057493734 2.03149750694628
0.0193218312179537 0.145095032431944 0.819923130185222
0.0771538290399544 0.45035380716655 2.24930859234567
0.0296595758475693 0.166820774003874 1.20814455145767
0.0217961301426365 0.111682923393707 0.875758719110877
0.0342209276246576 0.188280646026071 1.42834026293595
0.0341606742272733 0.217857851450567 1.31509656575274
0.0392308183891363 0.367410452317474 1.45082173467871
0.0250344963932939 0.161601430266045 1.17482765278932
0.0391108622646383 0.229051343051924 1.43244957372548
0.0249788105674871 0.144331535782495 0.957301566274488
0.0241023722391565 0.112368561472006 0.974574180770351
0.0221735430545692 0.118292413505532 1.00958876764803
0.0270421449730231 0.12858781917043 1.07386031571307
0.059414501602629 0.280130373390743 2.06012581901831
0.0272215008930344 0.134387004234592 1.10781361578275
0.0242652718463871 0.178128540535091 1.08366488886161
0.039945866823657 0.150130312990348 1.34104533697972
0.0250059788598343 0.199570247914241 1.06943444575348
0.0291946288569854 0.177145482356131 1.20445460457807
0.0339371242240959 0.167327637928534 1.33235914292387
0.0382144495164594 0.210566509217422 1.71940560851234
0.0311499026462261 0.293965007583733 1.22158494153133
0.044988939422302 0.231369382533283 1.81442470710011
0.0270673222435881 0.148783108564244 1.21533424409952
0.0227204750492165 0.107662082910882 0.931700605124897
0.0245011866377963 0.127048783949737 0.992319041609241
0.0358314706293487 0.195861567611693 1.5327563769746
0.027533842294731 0.152933549385494 1.14285938537287
0.0266667538700847 0.163042382448873 1.03605211417851
0.0214556144382986 0.121196968249613 0.955135089701761
0.0257823481004728 0.169179584391656 1.04489781553208
0.0343405937328093 0.188398874740333 1.22166874911422
0.0360349007201211 0.212044990347835 1.3852543755174
0.0324640600238922 0.178917116510094 1.40783359521694
0.0317647599293945 0.16371213655969 1.33355939126832
0.0219251440566859 0.112576476091587 0.95680554855217
0.0157273945995394 0.0902669961378978 0.727076376952336
0.0277505686643778 0.160527989751859 0.970060258626355
0.0193685023118684 0.096854343765774 0.790805785184349
0.032605157775177 0.129933385021599 1.23371102717473
0.0475753859626483 0.207880418133953 1.79386361830674
0.023627243093061 0.107380354401779 0.881018759540536
0.032624303979386 0.285907377745049 1.23148659290793
0.0249745546087175 0.120794771695234 1.05360797475168
0.0250991412956258 0.138291566835272 1.13812141689323
0.0250273439924967 0.212803758704175 1.00950852681249
0.0459137153159966 0.230330752929739 1.74368113145167
0.0377548083628928 0.156425923003345 1.45370567797402
0.0376346510775191 0.255655922749661 1.45350544808455
0.0638799474665862 0.292947510389766 2.33550101241391
0.0542483322179016 0.234326052689672 2.03151192607257
0.0209785519216501 0.123536959843824 0.909968581652487
0.0388870818156155 0.162742800790145 1.52108821501538
0.0490032092665456 0.299025659634777 1.83998041079916
0.0243622917424202 0.113101253201105 0.896436279724823
0.0288210595404744 0.160336465369462 1.25011254632669
0.0253960218047785 0.147100325226695 1.12070902279844
0.0345495479148167 0.148310882933493 1.15228078972061
0.0498064056511089 0.270063225906991 2.01543242584471
0.031348742103966 0.179002247295575 1.19411691755736
0.0350110479289341 0.152195568569276 1.29483075259017
0.021971019578139 0.158062344204908 0.950799154961407
0.0237919672400958 0.136802996179558 0.913073976354809
0.0289864191263627 0.22889838897123 1.17100619833294
0.0375835837030742 0.251686564823971 1.34912691505568
0.0213064728193775 0.0853327535833942 0.813325718492489
0.0366281476429153 0.226798310111354 1.40784704389512
0.0524380677507951 0.224217974809522 1.84238679122616
0.0235865554952783 0.128380015443336 0.962949770971875
0.0190909679289045 0.124244444870441 0.831495796679845
0.0282999602098903 0.12442936423471 1.2151154746529
0.0231671283252958 0.0996771144133355 0.830022208924523
0.0232059614942085 0.109989605057968 0.954402245057984
0.0586462662408287 0.287066127590658 2.12362752487359
0.0434254620516891 0.229733159961914 1.69921099726051
0.0459609778303024 0.242649161693536 1.52676106116394
0.0361833686698975 0.135897819757352 1.192698301178
0.0247663560696211 0.104841439467507 1.03954818458925
0.0379049131669771 0.219862774229604 1.65739240907262
0.0369973648944736 0.218528136612426 1.51125082446284
0.0296612145428545 0.23117419123476 1.23800683190403
0.042194566607237 0.251156589955389 1.51470058599432
0.0240434695773167 0.112564137826333 1.01161789603312
0.0197276529970472 0.137814568245878 0.837652441721078
0.0317670436941101 0.152459946131595 1.31244872245627
0.0261024174272767 0.221647442660491 1.12751571855382
0.0382031270853379 0.234203704970117 1.61492293114255
0.0415722979532255 0.184239210096694 1.67774510357095
0.0290306097042342 0.172869383668275 1.18797564460812
0.0276306598449184 0.294304141314535 1.05252495991094
0.0211316035925296 0.0893662705194408 0.793110801452092
0.0371911621233391 0.204476438765576 1.31767839839416
0.034526446542457 0.191238421344658 1.40979191399591
0.0246848565930784 0.139130644801442 1.09943214489581
0.0281664962105294 0.128101988454371 1.14521670506016
0.0473739566432473 0.273136798285184 1.70939449532767
0.0272655689632755 0.122495974371594 1.07315719872459
0.0235840747160382 0.122761957695566 0.937051313626658
0.0356593900859512 0.130393468906299 1.41912570002043
0.0359251415030993 0.213812702210026 1.26654507234962
0.0184084333394215 0.104289674506437 0.855706545561697
0.0220134090227791 0.106769776445032 0.908659701333922
0.0416622768664502 0.236815361506086 1.47529602612759
0.026064746103 0.111219377772396 0.981498985795561
0.036737535558743 0.169242693678871 1.4625806613606
0.032573976261657 0.135385363783268 1.40685077816601
0.028909263352781 0.153564932730179 1.15663955687138
0.0466453251924251 0.23614627450425 1.9142434893727
0.0210296338274854 0.092598273734184 0.923704092016348
0.0353575919158528 0.168227280898768 1.35794432397656
0.0323642327042233 0.207094399519728 1.17648538296741
0.0290273848718207 0.145071774607726 1.13139086360163
0.0333310871370765 0.143223570517023 1.2985788568352
0.0303037708006995 0.164571253289627 1.21693251693983
0.0176211956984144 0.0919805210603002 0.677840136640406
0.0317257460841072 0.177714656194279 1.20021351459994
0.0565250263581552 0.249753716072014 1.90371297771591
0.023258704181481 0.104571696989172 0.958834761177835
0.0277252408917091 0.11456678651916 1.06266550010478
0.0343602118335637 0.203361607605961 1.40735578356204
0.043361760666719 0.186279518733639 1.69111474183593
0.0277207240589568 0.128534098668584 1.12187299073728
0.0566588948458595 0.428738952812371 2.04021344473686
0.0355457113277439 0.158875760140839 1.3444157685967
0.0386184397356977 0.190739081521917 1.58541174045239
0.0457151289978843 0.208314072223359 1.86313409559318
0.0292177787380412 0.129150070416166 1.24107957016746
0.0454070164482339 0.234046278939224 1.62327791209847
0.0364224524239507 0.280578176868374 1.4267030636455
0.0175160943121918 0.118480875212825 0.735860147003693
0.022409975356262 0.113222841262148 0.819492140355254
0.0350597512795569 0.188428118059511 1.3810220910919
0.0545305253976125 0.299816101094993 2.02100772402507
0.0240261521642797 0.114430503043425 0.908187449146071
0.0235588282135476 0.136570314536867 1.05041582098732
0.053413789858473 0.324936517112576 1.80598651288766
0.0184736150479451 0.070505298171812 0.714052952004519
0.0268139447585827 0.096728188527218 0.986286551523543
0.0201679311288654 0.101162208845723 0.782620246659219
0.0215999386636176 0.146310020726894 0.795641368802657
0.0360014226077538 0.249965650179985 1.5587124104806
0.0366669925002843 0.212094156189034 1.33744781235189
0.0417263538896075 0.168402299970183 1.53355783372416
0.0306610912749522 0.133154663677507 1.21354988714386
0.0516470393382352 0.197995724357466 1.81860615285583
0.0724214357239777 0.299142326284699 2.32503628037431
0.0672519338245653 0.268385921540006 2.27664474085199
0.0320445104354359 0.159455959906867 1.32455150173017
0.0578429640581842 0.226724390565481 2.05016301694445
0.0196289311990102 0.122786063685363 0.871384563847427
0.0164350582448249 0.119711228044422 0.747792033862167
0.0289275259954535 0.180664303568492 1.16152089789235
0.028706774154562 0.143030163274488 1.17370698891891
0.0376606671810965 0.161380676309431 1.36946656638579
0.0178553479702547 0.0942853848312338 0.758289810969631
0.0427163751334101 0.273380946858834 1.61828022213984
0.0400695489475197 0.18532541800025 1.57910146303661
0.0421257891890406 0.178361266689619 1.65546622153895
0.0426691948514207 0.221776278130054 1.78386280300296
0.0196440970383413 0.0965160699444391 0.723456043276319
0.0171713184274275 0.0967951893350627 0.835381848439379
0.044906998963616 0.175728659494102 1.63087701095863
0.0417460162039602 0.214201468349826 1.73442739169732
0.0430209719217079 0.178136722408252 1.76111896175096
0.0226361304362173 0.104876182080542 0.892940450414809
0.0195564246530097 0.0977379176583532 0.826709370942112
0.0189202570731443 0.109689881019369 0.883486089682472
0.0614747326483036 0.330968267544314 2.36816309862054
0.0403324438512477 0.174938125767184 1.59491073247675
0.0407595715939336 0.141492487249755 1.59182273992192
0.0352620145084475 0.161790330497612 1.29350019683054
0.0227402564398638 0.107018584273605 1.03538960306944
0.0337710787938856 0.172035622822049 1.32375326452149
0.0441319295787158 0.424568167631077 1.7594334902344
0.0471269382004754 0.210438989839965 1.76361076959152
0.0276421031381305 0.100721346946845 1.11392429808078
0.0248503143137754 0.185405037555541 1.09594383867992
0.034528025968157 0.258826079617122 1.33403466713231
0.0300108053376637 0.151186911892112 1.05570433042365
0.0477895931522559 0.194624803042502 1.71142601343288
0.0286708203656513 0.121137828332184 1.20578511595154
0.0316272861435139 0.144157929853965 1.30207206018842
0.0421492004201016 0.344759965838928 1.62804596396016
0.0639270949165065 0.339437225310521 2.25101716727864
0.0334235791043641 0.144118523193904 1.21532849514389
0.0400654648097236 0.257668167016859 1.65561855769513
0.0326678607783875 0.294368238413728 1.30528394395295
0.0432868531979689 0.200999048015004 1.71746728781337
0.0281701241145839 0.140744753429175 1.14046114285936
0.021794308784594 0.086171248957368 0.798210716224422
0.0293539487598673 0.148333703716842 1.26720391088943
0.041212062721543 0.169072000641699 1.62552709930097
0.0222881076900012 0.106933262940982 0.929211084800532
0.021834332332248 0.116899941898238 0.904194121622477
0.0329380727933034 0.196171886949022 1.35487885852698
0.0260586567324569 0.116973039988982 1.13290698040036
0.0501810932079545 0.21428531956616 1.80534537087381
0.0210284582141256 0.103968284562631 0.956347822981443
0.0448359338895731 0.250418426699639 1.74858576174006
0.0268103048470709 0.132890641094188 1.06460495546039
0.0666173560398174 0.56410237675203 2.40770232013478
0.0388352905208504 0.206952497298699 1.45797246096733
0.0217832381533748 0.15044149885493 0.912100258328224
0.0364293715304048 0.134985735300029 1.42428229565646
0.0326185533495804 0.127149659286444 1.10471272128524
0.0200747764222413 0.0981386096930838 0.884960392861775
0.0491692927368791 0.313722495657361 1.94814077515391
0.0457165936123347 0.225257015081328 1.73738805622226
0.0271550420131245 0.155449989743531 1.23126185391255
0.0222443971729505 0.0887192198769073 0.920588264224384
0.0425347429948022 0.309550322642997 1.70581839695888
0.0210271484222737 0.123746916382767 0.915633405522003
0.0297459622258101 0.161628831476248 1.14226270595092
0.0294367726942875 0.121693799851154 1.1231855737841
0.0509595947879203 0.276557076410029 1.88295270924502
0.0196642231212261 0.111726639480881 0.861548674667141
0.0398277892340973 0.223898815445835 1.61318307770115
0.0408961234015447 0.210485278988215 1.7315286859464
0.0164503251332254 0.0947489987496546 0.610997377003407
0.0379455138276004 0.153067991297872 1.42854917126648
0.0203705724782169 0.176734550767084 0.801406751077498
0.0200852492578782 0.120364676321629 0.862864762934497
0.0456312013951119 0.244598745262592 1.67095581486681
0.0675877130597929 0.507234785735909 2.38971245453104
0.0234116892278994 0.0890360281206849 0.927881448369452
0.0488446619524996 0.278340838326241 1.8786540118501
0.026572760458574 0.153918307207304 0.913456689400126
0.0261059162634061 0.114132704599884 1.00174283937665
0.0335689784116976 0.187586378851939 1.28146282000335
0.0234256142207188 0.135173575750518 0.96885750600356
0.0420722073505322 0.266021967366054 1.6724558484072
0.0255354318163568 0.103738959633429 1.00566652039788
0.0343178298323366 0.218304461067338 1.32716740050415
0.0331849211333296 0.153466502690471 1.27878714738301
0.0286855742954344 0.149140667670136 1.20365141178262
0.02530698378994 0.126846296486043 1.07687360383545
0.0343729755381633 0.213244961905582 1.43564584206081
0.0488938647049262 0.308921598320069 1.63536661346698
0.0240832952062125 0.0997438487133009 0.879069113172638
0.0356390391778891 0.14833362237683 1.43146267880894
0.0364869693316117 0.147371790076186 1.42517412656335
0.0228768601143527 0.140102887274892 1.02425674183832
0.0276344166680071 0.142772972841 1.14542359600733
0.0529229980567139 0.215973090083047 1.93663193414895
0.0202113750723608 0.115364523011991 0.831701406522446
0.0304923242683584 0.13385161928531 1.19679832095651
0.0199489156768386 0.149160960931317 0.804641575608421
0.0205214075130222 0.101979260292485 0.800796991064758
0.0371099660530211 0.285479708273738 1.54819037765276
0.0299124937395731 0.240577489397509 1.15311071919018
0.0225651016043286 0.10324820014643 0.889518988174426
0.0183853556558899 0.0824229309728602 0.748246200737435
0.0391252204900843 0.165299913707917 1.53184580542398
0.0308384991289594 0.174667742324162 1.23903849153668
0.0377718373968262 0.189413481107576 1.50541976010656
0.0313493303668331 0.189891860133638 1.17803721976819
0.0315921416365126 0.205503008336488 1.22420488747677
0.0397760720077572 0.138827701146627 1.54056926169882
0.0193958909926004 0.122347073507519 0.825109206582656
0.0161949355070332 0.0901635256445754 0.662444338045056
0.0402136045111851 0.201614425511162 1.50740042170525
0.0361240230900387 0.182587679089813 1.33128201555536
0.0324196615407992 0.136610812817762 1.1799782184639
0.0188395254949185 0.122176713204923 0.827143826351753
0.043186675381545 0.246452300122821 1.5246225867195
0.108709048066753 0.608029963296893 2.80780000000003
0.032859769639123 0.151809755736676 1.2835792751899
0.0351699305094491 0.206245027360518 1.54426323188016
0.0182852757364869 0.129723825412829 0.838105503180368
0.0315305086727171 0.15003605663334 1.17677559208532
0.0779855156955673 0.478253483679765 2.58766970289112
0.0232545208348498 0.118556696317809 0.869512272155443
0.0254942443726648 0.131782874671495 0.956855944370865
0.0332805648054511 0.151355604191098 1.42152419743165
0.0258061257642 0.176271965047745 1.10673948344549
0.0227981167870276 0.127341375617234 0.852129588221812
0.0248381100038167 0.143326687369666 1.05244349442025
0.0325410294278836 0.181828642209681 1.32421011943616
0.0332887761452274 0.184061152089869 1.42438698180595
0.0420991074723775 0.194107354930348 1.65850187045316
0.0274381010011506 0.134411097128561 1.19572275715378
0.0347928135907471 0.130040279220753 1.2152370193111
0.020819046724937 0.0855951955872206 0.821524360243056
0.0311982618180266 0.239321879832589 1.28255496636617
0.0314006069496028 0.217521320959468 1.28543404756451
0.0334872495146177 0.173490323210993 1.24777353729663
0.0176209598665876 0.129161137941814 0.783815870520429
0.0927132444681396 0.393517325056064 2.74155477404992
0.0279479313428887 0.191304728359087 1.19646128542243
0.0204620170598275 0.0970223340359243 0.839460086241918
0.0294828066307541 0.232326183317391 1.10181124149597
0.0490430646490284 0.2460636542297 1.93775660709472
0.0531180695619297 0.254835744271576 2.01455813661278
0.0458741371815833 0.333276123774805 1.76243010250453
0.0425568043190347 0.286372722453408 1.66272530735172
0.0262038288492641 0.111118175902143 0.905031917992495
0.0239211835125392 0.106617706266419 0.895415270640393
0.0394472354071628 0.185653116854409 1.64789271195145
0.0527526096094768 0.308398065352325 2.07001217830409
0.0309777127087308 0.162081934369306 1.29324430317093
0.0241178941413003 0.143241049145318 1.0132835526156
0.0463228266043064 0.284242740188915 1.7447080211789
0.0423372655142357 0.193832037940042 1.7071638898682
0.0268902797782079 0.117130498341466 1.12037734712649
0.0413290832215672 0.216353420178986 1.75373699831211
0.0381961646940901 0.160570695112938 1.37454918868434
0.0264399547148258 0.144375368047784 1.12195015595454
0.0435758218661583 0.235926767752 1.6776624294722
0.0271733363995293 0.143204347969904 1.06594119413404
0.0324904704124505 0.180027582630732 1.37842771888717
0.0548334340488233 0.309816162480612 2.03403605787824
0.034088997199522 0.222428805512459 1.32459454590165
0.0242334341258426 0.108860642453736 0.9693411801254
0.0270444111258133 0.101964868645246 1.0371856854926
0.021159015463509 0.109736788601554 0.874486147569321
0.0559458879584787 0.281090426112898 2.21810272301391
0.0294992080215632 0.115011465933124 0.982294932539713
0.0272280185363423 0.127678159701992 1.08221530260304
0.0275572864639992 0.183667654313685 1.0861983765942
0.0226627890776328 0.119099675956446 0.978227597349586
0.0242477977387152 0.106550143926582 0.978318098853743
0.0195552454865127 0.0918840005955296 0.862789280651188
0.0417304678247776 0.224566758530348 1.50024529107526
0.0227411818229794 0.0886017008673296 0.912383147481415
0.0393064535597653 0.270796922351084 1.54079621834003
0.0265553583851811 0.276593214597978 1.04700440874772
0.0307341041858058 0.146961902458574 1.25789113117763
0.0261043305775857 0.13935383373525 0.966255661697482
0.0446668575163129 0.200508538074248 1.798465837635
0.0299511749939575 0.142379222335737 1.22772769826666
0.0334081519440579 0.177281540289874 1.28323519492101
0.0225468377235507 0.11508442449159 0.859417279287434
0.0385606306263451 0.158332519496562 1.52251981179998
0.0206282780736989 0.0817629795400753 0.785147647843108
0.0513615066539444 0.213733042824307 2.00217789596388
0.0519989831199744 0.327969270161855 2.05805762246803
0.0195907863897698 0.0804165240163678 0.733288509435151
0.0383278993419873 0.236053100034169 1.54252738039509
0.0265236131811505 0.20031255407925 0.967420080022763
0.0302932386853785 0.132861426432686 1.19929111591126
0.0319506680365747 0.198857444791976 1.22634443757765
0.0238280746783269 0.174394412381441 1.01307582029275
0.0203037798293624 0.0985911848349922 0.773727874055072
0.0423788013244356 0.188292621390195 1.51478263661174
0.0231530769831194 0.13633336392973 0.986266648785922
0.0484236210549848 0.263330290595355 1.8167527650479
0.0178846788055257 0.0987902159376627 0.821197505229287
0.0281718261164389 0.0994829353314188 0.989390870290114
0.0165698736802501 0.0852685432359152 0.683232033906479
0.0328733935113347 0.196598319449698 1.29974435476018
0.0377751711789572 0.173673665546038 1.58870089191984
0.0371761853239473 0.181967476494129 1.51138553949677
0.0368539450102695 0.194945471987963 1.51717034705421
0.0323279435784889 0.154303289972566 1.35069844132784
0.031640994855481 0.135331718338699 1.13008027790555
0.0295108471410458 0.112457962425228 1.06694036413041
0.0230164044986109 0.114898479884622 0.97207692455931
0.0258423292739726 0.10150693269019 0.996987434594903
0.0364969044680715 0.192425412051179 1.50740955080689
0.0172100560106711 0.077551815740713 0.74010165304974
0.0228488077666844 0.132963669456246 0.96404633487334
0.0374042520875501 0.14175648264596 1.32607300609711
0.019131297923896 0.0939497679683686 0.790432206978561
0.0225737186212535 0.132005907712299 0.948327068191652
0.0349297447882735 0.194772385183419 1.38511054687873
0.0224117169770632 0.120725436866627 0.87720565999893
0.0315383484512742 0.169849118428844 1.0295608379928
0.0125245572287979 0.0699296334714113 0.528371954201088
0.0377804796776708 0.212624781008585 1.49604568827041
0.0228231868655655 0.115183644619055 0.954095786064207
0.0376303687516836 0.192553539955864 1.53376658872267
0.021145416450601 0.113295046997556 0.937417589624387
0.0244551119979816 0.108777255232947 1.00147181205658
0.0199987498535895 0.120006887393952 0.902878593288413
0.0504290646775564 0.416344071716292 1.83059636393435
0.0294947741562921 0.170624840279164 1.17972646499321
0.0171283411770442 0.079128703473108 0.748181127504826
0.0295459018540255 0.183582991894947 1.0742181310436
0.0584047101857265 0.309137755123256 2.22934405567547
0.0335013022451263 0.149897612128536 1.22221399862148
0.060533128175968 0.400583650575573 1.85518573223975
0.0240169473968594 0.106524976697653 1.10445161779242
0.0349540998951278 0.161726335848801 1.4412456210928
0.0463480739425906 0.231953194111072 1.8417796420102
0.0390771185111185 0.377206287486197 1.49325503338361
0.0258929956622231 0.114325303786506 1.04449482234153
0.0260021833451412 0.157424709437155 1.09643644460385
0.0321724828184972 0.145823481146882 1.2380493982466
0.0408062603196854 0.158553796634628 1.52078538052956
0.0491752315513724 0.247402866506495 1.91336792730488
0.02165042274565 0.0966764586890506 0.940847151029903
0.0418473172824255 0.161543844001445 1.49787309750869
0.0352985160714453 0.239280884345867 1.46623965279019
0.0371727329563225 0.196420885861301 1.45915041503772
0.0530341268660431 0.29621461921975 1.87033217103007
0.0182259646442739 0.0957955623274964 0.784661202292916
0.0438732464742225 0.186425429424644 1.72182060161616
0.0279742972971624 0.151492261866907 1.09221264572515
0.0267416353831284 0.144826821161759 1.17508306683542
0.0480086456793707 0.298315567227256 1.92991664592409
0.0392067629451803 0.184453662681635 1.62826341963008
0.0328620821501451 0.252971702569766 1.36493585411895
0.0523032174212187 0.314425538510892 1.97585906944604
0.0392013494262225 0.317784229827244 1.44549598779761
0.0191330220925227 0.109784309649463 0.846192989745818
0.0654125050610011 0.374878245228896 2.32289137389387
0.0347172386809953 0.244565740234736 1.29970007450976
0.0393163323281433 0.197015913440829 1.48002958498921
0.0471153193638304 0.281735235014701 1.8007738920984
0.0356603238923313 0.173910618156679 1.37795537483272
0.0254963170955938 0.145816801294899 1.10131445987698
0.0592259441631447 0.347765589454357 2.24927996803907
0.0226593699978245 0.114315399621174 0.922245359458433
0.0408236477263318 0.147433758056406 1.4617928884795
0.0327696368493826 0.163401157927139 1.23895894529198
0.0246161842580563 0.115048722174608 0.974467186842688
0.029503886187751 0.169046786587681 1.26999278886703
0.0492709455302076 0.192293841012262 1.73752895532969
0.0477312262534597 0.206507925110008 1.82924463136802
0.0303738180450542 0.249698928129351 1.20164183945693
0.019046187799768 0.12086330082019 0.771718364932374
0.0270127225626094 0.227269629031181 1.08798771906155
0.0399672483480626 0.169851325383924 1.57000789034744
0.0330168639565529 0.210984911883147 1.28079593461321
0.0223231468824318 0.108300138343143 0.956547557254652
0.0177047975431025 0.100337385465339 0.742918198116411
0.0254262803393818 0.117219340736343 0.987699622732233
0.0205770757431479 0.109401533326376 0.963956924251793
0.0285249003717944 0.150621812439447 1.17397959210743
0.0397180182984458 0.2386681235747 1.54814880062974
0.019192217966484 0.0990114123525269 0.761773194182627
0.0171462675875544 0.107756188384412 0.69781188204584
0.0212558896800468 0.118820236680241 1.00009286553727
0.0281944533707942 0.132294165380697 1.21873649517342
0.0488444207740477 0.318184976966383 1.81563637401838
0.0555201851000023 0.293217995876478 2.09570886713769
0.0278647941666057 0.252042679128214 1.10368566089626
0.0541809158274549 0.251955741900063 1.99053560598835
0.0496078516735467 0.31765602016168 1.92383303566025
