0.0196287525510399 0.136999256593989 1.12431627704091
0.0189233627539587 0.0859925991960998 0.877782803632022
0.0264171608056903 0.176373047029053 1.35175909109093
0.0249914649017337 0.256995088106615 1.34804415110872
0.0122295297529294 0.0664008322441377 0.668148549323724
0.018910115539756 0.186669568842248 0.994753559474506
0.0437062579301203 0.208226431000442 1.98736321825317
0.0203490527491355 0.095303866770717 1.02613160807625
0.0255767945384799 0.140184345635335 1.3425098715102
0.0229605248797385 0.15452870582584 1.32549862322968
0.0244819393170961 0.250013689988488 1.39525948595808
0.020745865709613 0.112365090406817 1.10761583362499
0.0186819371346635 0.139747648269709 1.1003356653431
0.0200436629380768 0.136160402154993 1.03003551334335
0.0184480034057661 0.120353820246073 1.0341963758423
0.0239607772336334 0.150902441406632 1.2598274346565
0.0240378398125639 0.17329795648315 1.33681295103485
0.0211386736250744 0.135938706289124 1.21395780527927
0.0241824832411673 0.163531499660248 1.17529685177164
0.0213327406884747 0.137241828436772 1.2140280801752
0.0133577686219526 0.0835778847734693 0.783074914226064
0.0142241033605292 0.079525344277852 0.81044540859529
0.0232892250302846 0.162882660786572 1.21428011388648
0.0167843172727122 0.141100021696788 0.931467326579432
0.0326536559022462 0.16164700082767 1.63354530005332
0.0226544645209541 0.123845049475553 1.30496904802925
0.0287016236105312 0.151685404841888 1.49565576651265
0.0146164759630763 0.0895737514568101 0.771464747694816
0.0179781020870505 0.0902650696149427 1.01341098658032
0.0265090103446744 0.176638137555004 1.5160432108762
0.0319517867458164 0.218990259155 1.68054735358721
0.0343888617749222 0.192558009025384 1.75674631738662
0.0198746254903935 0.120663168348498 1.08419424919488
0.0273763888706341 0.157685332241159 1.39843900308649
0.0181343039534561 0.0991561074259703 0.99489651293672
0.0116492165824397 0.0614391595231206 0.596610978984545
0.0162789541176897 0.0948280263615785 0.815573799813327
0.0192495271595111 0.109918981327379 1.06044966339719
0.0403468732451691 0.205182370766529 1.92920340327177
0.0143951066938002 0.0722775113336681 0.744859287633387
0.0224166933619231 0.116776688985508 1.05602482412853
0.0146167039008291 0.104272537350255 0.86497321522314
0.0374666603007399 0.191609850013374 1.79997085429521
0.0335815391455841 0.224849188020192 1.81245225407792
0.043959966881923 0.237706653559643 2.20764096522699
0.0225307539450353 0.124308277234139 1.2805087349024
0.0287073078894601 0.16299403381604 1.49040706236946
0.0174914673487629 0.0870944767344485 0.90326691103887
0.016284320613277 0.0718962958840967 0.80579705170037
0.0215755305493971 0.105482057032013 1.09537183172752
0.0315545185095619 0.258207829199124 1.61738714665132
0.0297800044479226 0.219388450963113 1.48068475917179
0.0150631356281318 0.0880331373197016 0.821328619432366
0.0157614890084361 0.151167553323125 0.817773606885156
0.0179031548475885 0.112777783988955 0.988698944769946
0.0167993796488575 0.154522338903064 0.929427914662696
0.0353452105750632 0.21730724525047 1.81938399860157
0.0240066718698457 0.127056815330522 1.33077378814249
0.0191235209406299 0.162988072577935 0.911389935773578
0.0267385448225113 0.182262164476441 1.42433581112615
0.022863754051657 0.119967452265414 1.20019101902161
0.0207779234779068 0.110358859901051 1.18453640705586
0.0254930553852382 0.165617364888478 1.32058377933683
0.0141825835048233 0.0795575442943654 0.813405694503524
0.0144689159555892 0.105088342257984 0.74796213473351
0.020729764368135 0.141526546092586 1.11517660469725
0.0200351504676281 0.127772825973464 1.19341612007532
0.0134292293613034 0.0755220835372925 0.730195499266677
0.0219223587990308 0.133938488286891 1.17912617093666
0.0254796772800668 0.112560870272423 1.15401078743314
0.0354083917678927 0.185213041538785 1.77612441759762
0.0398620471469204 0.274474339326293 2.01054859993812
0.0226131469024031 0.164372357341143 1.28304580831467
0.0241261380462375 0.130584795201538 1.26493894335177
0.022530054417057 0.133370897678889 1.2818024072324
0.0191271457165067 0.11755167271632 1.12234722524901
0.0259379292863814 0.109975737252334 1.3232870678891
0.0200508659896273 0.170044522561553 1.09020788768316
0.0255553841376943 0.147606575141918 1.43899095378231
0.028447383540107 0.184911870566129 1.45457859560502
0.0227677327866488 0.111001578080431 1.22135490717276
0.0265574163594926 0.152373700152942 1.48484008373879
0.0345591885041493 0.23191770081012 1.85639120372005
0.0220917998561476 0.136123682178332 1.17716357947252
0.017901325237576 0.0962140423773092 0.94196840921225
0.0165835629260476 0.0933796055106153 0.875178351697719
0.0193617150774454 0.102258227942766 1.1636039525319
0.0216504843215496 0.115477947129159 1.2067424219205
0.013266268048101 0.0855946720190647 0.744494142775089
0.032523914779329 0.293844463517354 1.79559176103117
0.0232161281615429 0.153405270995701 1.33108430107755
0.0153402274720278 0.0951146907601243 0.835997185314987
0.0280790038936573 0.189239443634267 1.49130697970955
0.0178228821733501 0.100670455095744 0.994221513626676
0.0360515949475582 0.196291019227475 1.81750999790753
0.0196116967527511 0.110531747765258 1.01677378475766
0.0278944714899011 0.158700687810415 1.37311846015409
0.0170500633945757 0.0992194053989234 0.934362517190578
0.0124266195155127 0.0890097947423175 0.659779616848813
0.0204203636538333 0.118820741375313 1.09331495386046
