0.00376543373466444 0.0527620911920732 1.19109468774479
0.00322538477251129 0.0515665567317529 1.05822628525969
0.00296208610967579 0.0447034556150773 0.946597749997872
0.00312482814774477 0.0610632659751029 1.0820873879204
0.00437735476107324 0.0647626224114556 1.4291447422161
0.00283713689232204 0.0419334304909567 0.943398013404608
0.00374396534526176 0.0657690887201991 1.23300130468511
0.00301306423978616 0.0477380257969342 1.01675660330415
0.002922759811605 0.047945189988872 0.925312152189942
0.00342675203837419 0.0591499738141671 1.08011744897887
0.00366806148930977 0.0657177035383924 1.20882091010793
0.00282074344494826 0.044338446477919 0.906456931611413
0.00383085278893727 0.0618441247269997 1.21214945550659
0.00314838067338464 0.0448624945401189 1.0110280044674
0.00266285471248396 0.0477417615291592 0.885454750137231
0.00305302817948629 0.0587539569389314 0.995956101860588
0.00318658634241899 0.0463012253792095 1.02923435428572
0.00296152790258243 0.0416556404059237 0.931285171880418
0.00277665253083756 0.0532552247038307 0.925878317688793
0.00417013424995978 0.0548631131172681 1.21896417001443
0.00350970411687797 0.061532512088792 1.10608350099251
0.00270495532306329 0.0500138152332119 0.841872044026035
0.00236083711126153 0.0340763831113117 0.810331172486392
0.00325498602806487 0.060060699914305 1.05762865157327
0.00326587324714163 0.0542143001943766 1.03443071553059
0.00312670308872424 0.053092127176843 1.025944958037
0.00249884781458689 0.039639497893993 0.828205672553745
0.00316187979090624 0.0518617181911646 1.06988750308892
0.00318444211575632 0.0586739434055744 0.99045258456863
0.0030460625747664 0.0486195367944323 1.00514171995998
0.00432976463707436 0.0634740603193524 1.37680960267385
0.00306300754986497 0.052975419607557 0.968210147025786
0.00456607664113809 0.0731832901945545 1.48429717601274
0.00385819447284984 0.0728205194522573 1.21050226242157
0.00323204064195047 0.0611352709271756 1.08341302353423
0.00357675105311605 0.0620960540982318 1.14236623755774
0.00267151636511063 0.0334739838585696 0.853572675689726
0.00364445003755218 0.0480198654729234 1.11511597949552
0.00309472950238483 0.0488061850325464 0.983297770120722
0.00313860690299062 0.0527757769948935 1.05008902788809
0.00216840922804386 0.0374490194506273 0.709679059750519
0.0037159325327771 0.0579663160014615 1.18166511776343
0.0035963887240219 0.0639276808447482 1.19494921114636
0.00428986794252909 0.0638052135836107 1.41414983673936
0.00320915704659027 0.0555852631418328 0.997086627308147
0.00318911625078231 0.0500936828788632 1.03204530906564
0.00367962434900946 0.0603925011944152 1.14273754902468
0.00379587643062685 0.0611356931188581 1.22530661160026
0.0025306176215485 0.0401808106613183 0.793276880702046
0.00347173198910883 0.0596089225728027 1.07948553556035
0.00324078320237116 0.056743133730091 1.04138157956551
0.00312674452456733 0.0605039645734281 1.04748066609591
0.0034303816415472 0.0561713464639618 1.07165670477554
0.0033329334359955 0.061311391247447 1.04371562759941
0.00240690748865407 0.0334676473940298 0.832920289355075
0.00264182521975855 0.0340186829352941 0.823997152803301
0.00362878032209502 0.0588014702673563 1.12830912593921
0.0041618447046739 0.0574136058187344 1.39429191603921
0.00310492884784164 0.0470498808861514 0.971986263773971
0.00348948931512546 0.0525664047326682 1.14878217368131
0.00321355314886028 0.0551104863350055 1.04759398042839
0.0033500761480089 0.0502865277966747 1.06484022832247
0.00246637418521835 0.0428525094341925 0.820606348993026
0.00366649317808006 0.0558310080708629 1.14858888008572
0.00304553528729431 0.0457414072113778 0.981219016715685
0.00345130785323495 0.0530421307945828 1.1033354369022
0.00362240661874592 0.071785858279146 1.19022403758694
0.005512124661823 0.10120665517819 1.70784071881507
0.00345837352473542 0.058900693509074 1.13808986607998
0.00302605067753029 0.0505384572891981 0.99596200879786
0.00260664455631897 0.0354329545126814 0.859129803885483
0.00381675779506675 0.0650427142492154 1.23249637156661
0.00229147261585945 0.0336332488849771 0.700726775981761
0.00370875336398539 0.0726654270133194 1.20173504687945
0.00306227096055787 0.0410833930879418 0.928629342688341
0.00365848160014493 0.079261730531639 1.18643230212747
0.00198000765197361 0.0260084650591431 0.647626636161088
0.00370943408835629 0.0652739941776727 1.17836129023746
0.0032921606174435 0.0653327071188143 1.09003186908827
0.00314733172619635 0.0554865538275668 1.04695784426592
0.00422356767033077 0.0615279650457876 1.36001968309542
0.00344309411201894 0.0488874459363139 1.15202959626067
0.00425871586335042 0.0648171421069565 1.30942683882979
0.00378233704932841 0.0517623935737474 1.21171066243327
0.00503430726884819 0.0754995133199913 1.62661199969123
0.00380670868734006 0.0667704875775558 1.24906406991111
0.00324191692934656 0.0591537846106217 1.06126539397007
0.00219461174519423 0.030545463063584 0.709358839629628
0.00273854114713375 0.0379423125781304 0.904526988581641
0.00221322694091364 0.0418255815383161 0.720619674606113
0.00291636994047548 0.0495424870880686 0.961983603747052
0.00310186397124393 0.0465113170396222 1.03535739210266
0.00278301121294462 0.040087220057612 0.891321210489463
0.00281905067685624 0.0450287745017586 0.87656572965295
0.00256133106283029 0.0450612099959756 0.832048015931667
0.00258683802574619 0.0516538925007939 0.870817752449309
0.00267678654511841 0.0454904923033198 0.836482993345765
0.00318119153964845 0.0443819825981124 1.04461874254698
0.00313270865840758 0.0452940958232179 0.973926431052462
0.00296843941814462 0.0483567457312856 0.978659541064488
0.00245125371868198 0.0374414622461971 0.813496314991102
0.00608655242164022 0.104954607933502 1.88532321278266
0.00512540046301936 0.0992317703586159 1.64074212514632
0.00274953543678 0.0552453850743082 0.904361803872167
0.0037130254931974 0.0634726724302678 1.17684847251251
0.00267737930450787 0.0405444391962674 0.88256254598947
0.00293705765484914 0.0430022914619422 0.956841489828162
0.00395502350650709 0.0634056736720423 1.28658671166966
0.00468734013265054 0.0749659136915543 1.52987175147909
0.00374613127936255 0.0805778495829426 1.29927204292153
0.00337757848395259 0.0511633410671345 1.07107698979521
0.00367769272780294 0.0773170124587047 1.16391538039359
0.00297546884456259 0.0635963008245713 1.01069351956416
0.00487682930048249 0.0712698064672702 1.58373372527085
0.00255861130472387 0.0387812528244221 0.88896682248811
0.00354789452129955 0.0565872668983496 1.16939176797105
0.00325526909390974 0.0481433985474078 1.03694913714937
0.00307426287728016 0.0532831886023318 0.985720314596753
0.00278875715078485 0.0444783988926059 0.887674116552116
0.00280189154865704 0.0400137154123523 0.907288439533847
0.00286873603549406 0.0446937593012312 0.928784683168383
0.00331016621265501 0.0493211679703663 1.13311135582001
0.00338971306313721 0.0594802471797316 1.11033752795863
0.00287592071360059 0.0468117809761082 0.912025123666821
0.00332021962201823 0.0612100087083057 1.06102908030965
0.00729108441341797 0.161216045245158 2.24490464958944
0.00269713487215034 0.0420604610781966 0.842356038490656
0.00228088175451758 0.0347187307457 0.74648500059774
0.00577535184395736 0.0871101952408951 1.80365234915128
0.00276497576483162 0.0511683730390124 0.920389922849398
0.00347673284020583 0.0616330241413164 1.09883380159806
0.00333417015253978 0.0623298645219611 1.05241416626182
0.00389020110481094 0.0656770510638307 1.28533215837489
0.0030920133758245 0.0728421128517734 1.02372374980247
0.00322872576229672 0.0494346872079985 1.01474433208125
0.00428345668084297 0.074321823147988 1.40553352797325
0.00384769131595338 0.0595538572591393 1.23809513828893
0.0025625731573773 0.0467939770982974 0.867172325157642
0.00483685899193259 0.0775106779177109 1.51422842088066
0.0034085213239706 0.0669798963790759 1.09367987445572
0.00358811590424695 0.056063967177416 1.18292754750219
0.00338502187340431 0.0591532281432804 1.08051522831989
0.00266548329762222 0.0566853996002226 0.881074406288387
0.00401141089037024 0.0613205156755127 1.22272398474854
0.00273171909930413 0.0429441017589931 0.912189556546916
0.00391293167403294 0.0827283457221302 1.29597542437515
0.00293101386106855 0.04306466782544 0.906266511522675
0.00247297250215352 0.0370391566746045 0.74651978736833
0.00489136285333662 0.0922515764813933 1.55184453996276
0.00270217667211125 0.0374554212584548 0.905041313172449
0.00528914573481503 0.0975876313831297 1.67344916623677
0.00220839158295878 0.0351941305928566 0.80998928727602
0.0039993137597573 0.0677093350586964 1.29170566801324
0.00254913560533365 0.0389953692361466 0.874369315290688
0.00268956923451854 0.0516448719625176 0.919528834015748
0.00317734361827569 0.0505664091988488 1.04999584953832
0.00349749980579308 0.0530230189786952 1.15712468373858
0.00277463512917602 0.0462187097547306 0.933546811619585
0.00336405955086455 0.0573189389379904 1.13999537160104
0.00400541552229304 0.0519629670670496 1.27853444917359
0.00425052610201049 0.0553125187703477 1.36476011890517
0.00390909120037455 0.0632781619531859 1.29144690053937
0.00275254826142771 0.0483757134319188 0.872417991345742
0.00315187368991866 0.0532242581387974 1.01390246607816
0.0033181422676136 0.0598162796169357 1.09608792664408
0.00309035554383431 0.0480671479919288 0.976551613613187
0.0033199665816917 0.0572047139537227 1.04545912953751
0.0038946948458713 0.0665719837715073 1.25313245449348
0.00353798928675089 0.0466886005510055 1.14319911904052
0.00293552620265723 0.0554864615966376 0.971126880956342
0.00380125377207743 0.0652681183135529 1.3348958677634
0.0042651388325359 0.0572435123992366 1.3504029350697
0.00478203076694614 0.095593268577726 1.51786923982804
0.00408560853106712 0.0585605257132462 1.34893031591979
0.00264439106512205 0.0407140019204697 0.869861889530114
0.00415162926643273 0.0728675779669914 1.29749253364523
0.00220122679446864 0.0418069628723912 0.723810026615325
0.00203390855080752 0.034474081629934 0.668188843052036
0.00500921547283574 0.0665665761451359 1.57660220255371
0.00403924236696705 0.0604919688829115 1.29013740174841
0.00298302989725513 0.0387028577654966 0.961789692367639
0.00485632688912881 0.080272200759254 1.50115979609075
0.00330880372630168 0.0460218286546454 1.06736090271591
0.00341710092009656 0.0669867678316612 1.08304559765002
0.00343063443655313 0.0511490638361215 1.12749277050985
0.00310081644899431 0.0725119944080754 1.00533900720737
0.00351941483397197 0.0696297302334536 1.15692931800054
0.00311552525872784 0.0474416777581758 1.03414978277733
0.00275612051392471 0.0422401358928512 0.880456151092572
0.00257533619095445 0.0392766680054938 0.831264957202133
0.00359381927244949 0.0554332065843856 1.12437690598992
0.00261783062731452 0.0464546029384811 0.852328939078159
0.00411342806414247 0.0607997705041948 1.29509558278315
0.00251209442449681 0.036533422276957 0.8575448526491
0.00489535763075929 0.0971033195384835 1.58459906822167
0.00315798939196615 0.0503228389333395 1.02486098414466
0.00308961360215962 0.0495493323130077 1.03670961017548
0.00259185934874485 0.0393235906640379 0.829502589447284
0.00385294978058671 0.0689598455052054 1.23812062311064
0.00313247192529434 0.0522791446845765 1.03111200229689
0.00239638144793063 0.0377894580222292 0.791676013383342
0.00344245017470475 0.0553920625674033 1.12232936813441
0.00426575492344202 0.0623056745379549 1.36218965712223
0.00393412266036617 0.0617734770563126 1.32565291607283
0.00294660227040214 0.0403489005851088 0.970915325737676
0.0025267036759002 0.0399411601712934 0.803037578670459
0.00384435724779086 0.064293685118674 1.27460511861127
0.00316687057784316 0.0457991830748659 1.02139934704544
0.0046008180751696 0.0805916393180182 1.44061320525001
0.00184651947214873 0.0289800426866337 0.613469146058089
0.00329443784179573 0.060902859461511 1.07024865749654
0.00229238371341991 0.033293532701585 0.754192484674121
0.00269117420916794 0.0391567623710036 0.906686084757602
0.00310578225698076 0.0589701076075354 1.03892168905053
0.00259369171196038 0.0417206145006075 0.82955198020707
0.00276014540682373 0.0458294480062881 0.914627750362331
0.0035546627336161 0.0581931227453462 1.1658297694594
0.00318874568770293 0.0459266681717036 1.03741014971023
0.00473506563494647 0.0712969174011916 1.49102941106845
0.00441899877184179 0.0949760173137684 1.50922499599114
0.00442708387882386 0.0760093787459236 1.42506436808859
0.00274561056095268 0.0630884891340646 0.891867746226836
0.00569626272141172 0.0995818517995584 1.75922468639266
0.00306378334781505 0.0669362180725814 0.991625191274269
0.00377404177257699 0.0716060089694154 1.16325471564832
0.00262842306202283 0.0416482548065819 0.822621168339765
0.0054515157362321 0.100868101615062 1.75666565354144
0.00205802501974511 0.0345307706894657 0.716574874757484
0.00376673274521737 0.0718747945601257 1.20597895800282
0.00226162028158426 0.0324665682129068 0.731452237119866
0.00277294061637699 0.056272333080665 0.879230069231553
0.00383906107112005 0.0601463204543149 1.29452729197535
0.00246735411772918 0.0323315101935734 0.819239689322017
0.00343880498359006 0.0594734541207031 1.064940287719
0.00388969941305141 0.0654061260657636 1.23116266877981
0.00420808862701233 0.0844366316239203 1.35969197355151
0.00290990800834849 0.0550876282692907 0.964240881580181
0.0037193256250527 0.0565846883411033 1.24297964555381
0.00252547938023764 0.0342904239467566 0.798677286604769
0.00376074469162563 0.0619418224940795 1.20728600632285
0.00302693575850774 0.0577448890193813 1.00209676822273
0.00343158684041962 0.0665521173884604 1.17865097832105
0.00303384743902027 0.0442796883369776 0.982073768729378
0.0067267638386501 0.125298196553188 2.10065044316535
0.00296258372566314 0.0430081726492704 0.964576575913606
0.00289547334726497 0.0426547427078199 0.910161260512829
0.00360835482964033 0.0522248164950509 1.13907831062908
0.00332459276417065 0.0552327854548641 1.06981473916363
0.00298719160082962 0.0496656855659889 0.938072892997106
0.00254942279197877 0.0446200598613373 0.831171869732872
0.00327778820614781 0.0411567894882054 1.03294714848077
0.00319269004267661 0.0484940946034294 1.12464511766862
0.00438245513354409 0.0685557350223803 1.39210510603582
0.00384448654666782 0.0714144919173487 1.21513454526551
0.00381022532148296 0.0611034124823027 1.28672299189263
0.00367918423619935 0.0596557324832791 1.24552143182369
0.00371540907289622 0.0547202154939929 1.19255665168294
0.00505986747089256 0.0761639494777297 1.60070588490204
0.00398860894599076 0.0726348766499801 1.2911463108522
0.00295824267749378 0.0492405050481959 1.0066487729427
0.00235280533936155 0.044330792668696 0.749302268452382
0.00390029225492733 0.0515245258311175 1.24159030501376
0.00291700124399661 0.0580160999375378 0.931881885939253
0.00343004956080908 0.0557515056662337 1.16595609977737
0.00332130270557937 0.0547311697048536 1.04644822132125
0.00367380873617698 0.0679022764290723 1.20555677851746
0.00373994848213027 0.0649784546804325 1.23805120611986
0.00298010436568937 0.0481180238656825 0.958799583021026
0.0034659768542359 0.0575128408464305 1.13922707922996
0.00253053788810977 0.0367735296979582 0.828522295917335
0.00293987599819864 0.0455056463403953 0.967990329080734
0.00364617350867413 0.0590443244761913 1.13732341623689
0.00214041688421714 0.0331142048483869 0.706538492662293
0.00275779862402507 0.0430572626881012 0.907441733228979
0.0034885686656067 0.0707686300354327 1.08671251907302
0.00300003646093365 0.0665671770638798 0.999886148288431
0.00388263541645349 0.0662631344574295 1.2883616996931
0.00271521077874082 0.0417765675754722 0.890501262474543
0.00403493220155785 0.0581931099259434 1.31294673440966
0.00332300655414391 0.057388399015715 1.096161988003
0.00332890544837398 0.0435457947981522 1.06780249669796
0.0034187717162922 0.048011755190027 1.12442636999957
0.00387946668474785 0.0646772656183637 1.23324736815769
0.00362453103257523 0.0536823662934319 1.13381475142977
0.00484939888300515 0.0806419695340712 1.50304709792078
0.00357125214396625 0.0552121726145014 1.15491167150919
0.00311898721512083 0.0407876728373418 0.961503157568762
0.0022487056764973 0.0343173496142706 0.744169612122939
0.00303128240563161 0.0411914752055678 1.04160583833304
0.00286176612373069 0.0398379656622491 0.959045559088423
0.00314657912678919 0.0613184752177093 1.01974684851706
0.00244646090814625 0.0393938551752082 0.79832893074636
0.00414135542359636 0.0749421933905802 1.39032942227389
0.00353140017922554 0.0753464931219595 1.14974783974995
0.00460574608756575 0.0684350501908838 1.40003341361111
0.00300829957316341 0.0537929369337446 0.969507141152866
0.00291421258259871 0.0473840485120577 0.945499037176961
0.00228553942865829 0.0394299670684175 0.744073823427097
0.00268420035034082 0.0501057516098569 0.974502396547447
0.00312895015968076 0.0426304279477341 1.04277172650108
0.00345657508964582 0.0700911512972255 1.16233387396939
0.00412031238538085 0.0637937852505315 1.39149713661217
0.00351582929149779 0.0579232627286525 1.16560983059344
0.00402388042996005 0.0577510854429022 1.22581212975432
0.0029232734853832 0.0442492604789338 0.945831530831397
0.00278970164263975 0.0449590006642156 0.912964251866708
0.00337536939480172 0.0608441382113449 1.04920480633479
0.0031076827869901 0.0499508249260629 0.969053357001988
0.00295958279225096 0.0360681578001747 0.909567343342042
0.0055323894802802 0.111742527192444 1.7564989414477
0.00281080064527571 0.0433350251467469 0.901639030631028
0.00328341728427968 0.0613731412635104 1.06954133932234
0.00348243659411897 0.0641454140698979 1.1020838109855
0.00328839648305284 0.0580800682431296 1.07100355024575
0.00224183566642462 0.0401867407884464 0.744504873700352
0.0029878883277501 0.0616286839689044 0.973020671287113
0.0030836861846144 0.0467245161224585 0.995642580172737
0.00447252729979703 0.0698452619369255 1.42685985750244
0.00334877331808935 0.0718911118725518 1.10683729920701
0.00297914624318367 0.0445293928923488 0.955996243520195
0.00452105409337027 0.0796710761638975 1.4914491146069
0.00287032350636212 0.0421046291210089 0.920902555792963
0.00363333079637674 0.0683246678913653 1.20894277172067
0.00344437458708706 0.0628399782145014 1.09516477185074
0.00283919335927897 0.0454060568785539 0.904893466683204
0.00287454842986473 0.0527207684182135 0.951474660320786
0.0046284761704545 0.0754989665599381 1.50950493926969
0.00407508076510966 0.0892204129710645 1.2815221909663
0.00439996637376373 0.0694109001703222 1.44790609336141
0.00363142101857049 0.053993399209555 1.17412100437239
0.00238888928438847 0.0336498850592639 0.80889024481979
0.00270891733069907 0.0477867730381698 0.910968467182968
0.00373440241202806 0.0554735059417733 1.24115931088169
0.00358145917704662 0.0735792931098718 1.12172679119954
0.00410242998339128 0.0766756231910666 1.34581742488529
0.00272519385478797 0.0356318201310429 0.847174891117046
0.00327158389001133 0.0482311111489827 1.11643615095578
0.00276277751770582 0.0393968611509802 0.933195721611754
0.00278933888720775 0.0511623780376786 0.901068065781487
0.00401391867339205 0.0732363972295569 1.29083899821919
0.00409199093026382 0.081708632256382 1.37815724477486
0.00379323059410541 0.0580658415777038 1.18976102327287
0.00330750383365077 0.0548769376053472 1.0993805543331
0.0028287255981868 0.0471682060458488 0.941927973165134
0.00253917142004154 0.0379086494094108 0.82106729549688
0.0036778827502755 0.0550845284746243 1.18490177042611
0.00321943929918832 0.0568761640324736 1.05420634326996
0.00371812825104767 0.0684247097690643 1.18235200645196
0.00259778439617461 0.0394274266373857 0.841176815013742
0.00204758911801617 0.034767101672621 0.686695830330515
0.0039535996150271 0.061655226356816 1.24885203096229
0.00315889308633962 0.0461857117028269 1.00574888952305
0.00496572061612615 0.0877115763113282 1.57023409114263
0.00269687475882067 0.0536127441446339 0.90204397867495
0.00374195901331974 0.0603823752670307 1.18639591648205
0.00323035022417255 0.0475859478568317 1.07354530957768
0.00344213807594037 0.0591579626768698 1.08501150362061
0.0024717902153968 0.037874002575253 0.821108285423504
0.00473271219698722 0.0599464872172863 1.46981715883606
0.00270502445146267 0.0498778268305235 0.914644580347057
0.00280549718415086 0.0407083897831916 0.903903087516419
0.00354066662509361 0.0688756032821015 1.13367826641028
0.00280311588208044 0.0526401388047716 0.931571301345231
0.00416608812065767 0.0554647604272218 1.37711988180242
0.00346253262262362 0.0491238202138814 1.11638753668336
0.0026482910376716 0.0523098049952337 0.896909415474904
0.00334092532818574 0.0567562971024993 1.09834274843579
0.00278461760893855 0.0461721690941611 0.903542880350438
0.0023111956283004 0.0405439851640345 0.756737755758746
0.00264414474528636 0.0392660307361284 0.857578477364495
0.00249549551791535 0.0374746182577059 0.846770600779825
0.00317181466439268 0.0423187696345617 1.01156750213381
0.00326978280512091 0.0669043900590497 1.0840724615001
0.00237084368860359 0.0421571867049059 0.794460611195853
0.00394647135147388 0.078939028214787 1.30274139672285
0.00296980320240494 0.0455790347660069 0.953555508153654
0.00373601063555899 0.0871017785300284 1.20570916830037
0.00277097397063452 0.0389650314421912 0.871097404329247
0.0027209999560252 0.0415078953988327 0.918156644829817
0.00395027496104497 0.0541099622664103 1.21001559561071
0.00400901572517962 0.069566921608858 1.31090928976137
0.00253809075612299 0.0381013024651698 0.856200192328816
0.00335926768628259 0.0695323011454671 1.13917631548578
0.00329128961795481 0.0512837342749757 1.05036661901144
0.00268352057747957 0.0361907843354634 0.898159093869766
0.0036041453755206 0.0589660863778676 1.18477291311633
0.0030026036732348 0.0470259400285512 0.973756230516147
0.00726695153192085 0.101075514454994 2.1912057168377
0.00316317159611095 0.0491492464788005 1.04266618726122
0.0029794991462936 0.049466601722804 0.96625017080176
0.00545889822666444 0.10867475839141 1.77580677032891
0.00272045824344576 0.0573849413968826 0.896384990498385
0.00299971067139282 0.0577750866722589 0.961478095898565
0.00241388300200817 0.0473933565493574 0.791665015774456
0.00335961359402345 0.0462710405970946 1.08443046371497
0.00545517608904526 0.0713927802281245 1.75629162138968
0.00226634667944213 0.0325401685705243 0.727094170035263
0.00283665306885439 0.0441928464435485 0.938901797077242
0.00242545129449147 0.0415241923132176 0.850930723629461
0.00341230465414037 0.0496615782494663 1.15988884999763
0.00443171727377481 0.0547322422844094 1.43186071820928
0.0031228745493163 0.0444533902848327 1.05187577800132
0.00281392381180852 0.0433585471565098 0.98736924436754
0.00382623835819331 0.057497670172322 1.2352463917691
0.00384544878286441 0.0611971046514578 1.21123997167631
0.00540551065738577 0.097890460060184 1.74901998958414
0.00326965759670059 0.0567988913272784 1.04799652963845
0.00302252561359797 0.055808233907316 0.999488508207412
0.00382772315390672 0.06974641784981 1.21560329939143
0.00370788170643667 0.0659785790526639 1.14767810676562
0.00305400615072285 0.0459418034818234 1.01930585607268
0.0043412791559551 0.07040649978816 1.32187050520603
0.00216184336436801 0.0347754272503172 0.727313527047003
0.00380694127516937 0.0568420494886066 1.21056849170367
0.00357361616187226 0.0469175491953056 1.10807056855156
0.00296595104148389 0.0471105475431103 1.00724661248974
0.00371272342297018 0.0668861580359177 1.21959577372965
0.00331869346894558 0.0559235613285037 1.08177530890479
0.00249009974480267 0.0451642221158027 0.836635223848804
0.00259724860114575 0.0439470673281154 0.818555443715689
0.00393710474662913 0.065644152184789 1.2467424047356
0.0029493223011094 0.0531264125584516 0.965811991099828
0.00336824869563228 0.0562318989256106 1.10610934158896
0.00252520908132083 0.0634659424524532 0.828491545578099
0.00303350267061305 0.0457111850514648 0.977105811092764
0.0040686507784026 0.0622362335611356 1.33330877177024
0.00346886439903251 0.0624581955697822 1.15229761096502
0.00491319796213845 0.0820679420390992 1.58909528752552
0.00190284985294456 0.0319371732503591 0.63576777509568
0.00352617861402885 0.0587879714739278 1.18463286832588
0.00401922631036737 0.0635429677923784 1.31018029994929
0.00286571867163038 0.0434196145375601 0.919085925965969
0.00499368604391877 0.0670456401821553 1.57359047976636
0.00274731594572103 0.0469998849026564 0.897999605004185
0.00288254054272107 0.0621585395993057 0.979050972128309
0.00343400061526749 0.0465574308708917 1.10961364973394
0.00412927456513241 0.0716907363495153 1.31004560869269
0.00432628630247673 0.0656272462257534 1.39645251184079
0.00308015777585227 0.0632351738315833 1.00623014951863
0.00313973067067018 0.0615108929333703 1.01897775138421
0.00362190787888597 0.051706760303881 1.14073376330465
0.0033306950619616 0.0526570680033937 1.08301048062019
0.00331351761656589 0.0541807381401481 1.11228295762772
0.00270150632727845 0.0392622437305709 0.87977155186265
0.00391516013502106 0.0520684011002972 1.23548320573302
0.00391039834810855 0.0702296146438143 1.23859122039964
0.00370407276484846 0.0588085632131517 1.1723703401155
0.00307348066832482 0.0506497687186575 0.964589913576928
0.00424710386235673 0.0667835643709932 1.38889774455202
0.00349289592386295 0.0608381728466312 1.11451179231242
0.00344687533148745 0.0506724414396375 1.06613528081047
0.00276921547414991 0.0427382950756368 0.887382773021384
0.00404894069331488 0.0709963427595234 1.32373270297624
0.00287179544605175 0.0383961661396459 0.902889665309945
0.00294407663160883 0.0431785431943293 1.00865746273679
0.0031219116851747 0.0523215103497498 1.01185513787864
0.00229592019631491 0.0440116063300544 0.808915256941585
0.00483448963139065 0.0731403604104069 1.57918063353605
0.00309248357704755 0.0527064110839805 0.988597092069885
0.00482255410883726 0.076041870169212 1.59507802986026
0.00279711325109379 0.0417782039784746 0.911826334340904
0.002755934585895 0.0516804750113556 0.898990410617661
0.00272651206623505 0.0403589338073969 0.868671635018911
0.00296986823235224 0.045935243551113 0.955028676906124
0.00385409707454925 0.0529605344963209 1.19503178115175
0.0028149164679945 0.0432931493323527 0.936478825976855
0.00300867440274106 0.0529724022064311 1.00296258973216
0.00367122251152005 0.0527707582677653 1.21697891262094
0.00307246112925487 0.0478489127519441 1.01012608300254
0.00246917003960041 0.0398995121222527 0.772429805830444
0.00299870179367716 0.0470674845715849 0.984968525755949
0.0030905733372797 0.0554241183767606 1.00921924461896
0.00345431261992635 0.0468866503214183 1.12875287622775
0.00320739516444217 0.0488990841171965 1.02684594489606
0.00277138243882961 0.0443134381412009 0.906457728623395
0.0036230210315318 0.0556410753626104 1.19239011374887
0.00424196234402651 0.0736583776648451 1.35266696131444
0.00324920158923835 0.0512929308581325 1.06449274214661
0.00274378430254753 0.0510041347063608 0.878222546638321
0.00376502859728209 0.056204962318191 1.25884248028175
0.00341719362807339 0.0563866740382489 1.09842792381745
0.00249080339578979 0.0420505666499791 0.804712221996331
0.00404018095595451 0.0742130514192754 1.40227741144509
0.00375988765532275 0.0863933504706702 1.24978338525086
0.0024729812461869 0.056001083459698 0.762691442470924
0.0039437503610825 0.0668649681398137 1.34518038322577
0.00254438594567066 0.0478255218201348 0.854915588703231
0.00399891951065763 0.076824457388196 1.19892091196625
0.00316293760042143 0.0510966822420631 1.01797120179806
0.0025139993913313 0.0353719276045487 0.847580854790005
0.00403644674869275 0.0531104387132955 1.29466730584419
0.0036614178114126 0.055463859751477 1.17183623510209
0.00349921158916176 0.05568926546633 1.13487463417481
0.00305290567654288 0.0420640560946154 0.95047060200387
0.00426393483716507 0.109941381604491 1.36924408295582
0.0038212067635769 0.0636753966872501 1.192338724648
0.00288890923597636 0.0412299522078341 0.937940486600555
0.00292861233784681 0.0414849731309258 0.954429877731849
0.00232977958432206 0.0377653343432363 0.75009991891935
0.00299522694223007 0.0513040209161769 0.970074865550741
0.00395416080782727 0.0538220345428675 1.22003218185362
0.00329218018815395 0.0468977244419598 1.05628459135802
0.00378669051182492 0.0646455914338921 1.15461438423555
0.00316103901978857 0.0532279962814242 1.03214160701899
0.00230028361866132 0.0314402243848342 0.755927986203347
0.00289397408435366 0.0623767903737093 0.964803199948273
0.00334152097621709 0.0563160907790209 1.07109501628103
0.00335993311235978 0.054742713026362 1.06371430363015
0.00269881852726243 0.0504468420603893 0.875057775551761
0.0032423358832854 0.0488202802780473 1.06885791275131
0.00260512062066068 0.0374476266862312 0.915299144155604
0.00484580716649892 0.0639604755681444 1.46648989133695
0.00261238029290917 0.0413533702084309 0.785676019645416
0.00236804699318837 0.0406946901051102 0.786839340685773
0.00297389273228866 0.0448062686000506 0.972411901640342
0.00485062978218245 0.0806090136947084 1.51919442442739
0.00298033694404542 0.0549019962600429 0.995761553582606
0.00400076801240454 0.0644707163206452 1.28430448173017
0.00294276445137828 0.0564162996325215 0.946960853205928
0.00272093104408797 0.0456930353547071 0.851103329394212
0.0030708641030806 0.0541064714915761 0.983934242884612
0.00308686370319746 0.0438198135584181 1.01122205113676
0.00289569893999927 0.0397601712721415 0.954457662653606
0.00416927115618365 0.0660272339863658 1.43466783581399
0.0032902071538987 0.0476927124619257 1.03204240802776
0.00294025134039662 0.0520543288601572 0.963351244317939
0.00333113428730948 0.0510483713868616 1.09382820395751
0.00268448233518437 0.043526452647248 0.880521796251997
0.00207338774357677 0.037851517919414 0.682056287845134
0.00436168611044038 0.0898341528161578 1.44765806678085
0.00322119698425036 0.0472841278524107 0.984102812498559
0.00335569513957005 0.0453185210489406 1.10142167377104
0.00342152527678286 0.05432446730976 1.07467812193917
0.0026063144497443 0.0452345928766901 0.842456600780054
0.0029474522484757 0.0434373985404743 0.9189505854553
0.00334382211657561 0.0518648892624085 1.03554156552014
0.00442109213615285 0.0759089915394684 1.42827738927989
0.00468106716493007 0.094053816047732 1.48947457365598
0.00313400116839815 0.0522989088753643 1.02490653611237
0.00426550879300645 0.0642477218740451 1.2810013618911
0.00335506308943999 0.0528395635659365 1.05787670288353
0.0030252722220857 0.0418551286395002 0.961484264178975
0.00287980952993762 0.0395946815002117 0.970752182510423
0.00343187242830951 0.0558524685178043 1.11859981632952
0.00376128871685954 0.0606070952321265 1.23834700731914
0.00344160806307111 0.0573455426444719 1.14430142215635
0.00362861539536667 0.0515725776418212 1.17932838709794
0.00352525728551445 0.0655217811664655 1.15019657955712
0.00259991607854566 0.0422059669143331 0.82729298914261
0.00275727307907074 0.0584328539286373 0.916782200875028
0.0039394962815893 0.0704999598494311 1.2177922365624
0.00209058167050684 0.0326415294149569 0.686330770875133
0.00353948946747334 0.0690451734730889 1.19945013578347
0.00302854999364192 0.0516133471702552 0.982263471854822
0.00520574018644422 0.0921076495417954 1.69517924884522
0.00370970788290589 0.064576410064477 1.25010417535684
0.00266960140392932 0.0487313422267746 0.894521858060855
0.00391771223778369 0.070444449860417 1.25532187914232
0.00333410136427971 0.0471663880301985 1.08570578077254
0.00309117863862292 0.0476886644776876 1.01461749210862
0.00302174941572415 0.0640478125657754 1.01576400830168
0.00316652570438145 0.0684562798486288 1.04191345602074
0.00290439028210129 0.048427105167447 0.919461841133424
0.00503876559344074 0.0958611425907911 1.65765595303211
0.00405856609533268 0.0700759003668557 1.33668807238242
0.00360437983734485 0.0749626012236278 1.14156032190203
0.00285127274017217 0.0490088791183425 0.995195283454672
0.00314235692987994 0.0639792210750224 1.04751122604817
0.00351941356638576 0.0698997363390318 1.12232150523481
0.00328843153831415 0.0501525840195311 1.02821585294589
0.00364996049933738 0.0604429633895613 1.14833734025195
0.00371547659365363 0.0646549898460355 1.22570196647018
0.00340775240020211 0.0634708019401946 1.06787931338161
0.0021848092906363 0.0409008271636751 0.707089597385427
0.00284013443717975 0.0472998085145258 0.907759457792925
0.00228630635522959 0.038646918767051 0.767249767901356
0.0033174273217757 0.0511567486410273 1.03945280234993
0.00388686219455674 0.060603109021774 1.26487222853633
0.00333273447866033 0.0524186466434956 1.09767008153102
0.00514841681794839 0.0749063548413505 1.64989139695718
0.00337883424363615 0.0525290917700534 1.06348651028229
0.00282388734643765 0.0520480474318383 0.902568396535367
0.00482395399358679 0.0752551823227085 1.49840854834107
0.00325359826763367 0.0661687649725101 1.01132307050844
0.00369420059249906 0.0795027547291298 1.16888087201856
0.00291168140489658 0.0463390338080445 0.966895358242247
0.00269681766394867 0.0391425402231056 0.847847821376669
0.00300764782728961 0.0570395121788032 1.048411234069
0.00258997043055905 0.0414839934592212 0.84495544772321
0.00258208618282502 0.0383734852882471 0.826492017517728
0.00236718923639834 0.0388496139831439 0.781068630450825
0.00335561081975513 0.0556218739601453 1.06287603882181
0.00331584675976845 0.0659788353521409 1.06562135278064
0.00281566709621248 0.0448851224576557 0.901024052380152
0.0024822895215927 0.0370948525147644 0.841942591483496
0.00222814036709529 0.0394460357143369 0.736459196319798
0.00307677219894383 0.051845786684527 1.07348415868576
0.00384079457438229 0.061469612525418 1.22531871183103
0.00336848298943887 0.0478067901753845 1.08846108871458
0.00244832775940598 0.0360488115847802 0.823578486886808
0.00314422537156968 0.0601063465439636 1.00083300231222
0.00402257901426232 0.055153438975964 1.23333786394576
0.0032738465587116 0.0590159533490059 1.01722571594897
0.00400491970647408 0.0663653865119216 1.24893923561477
0.00430020385565903 0.0606269554773998 1.39145099488038
0.00285789247374437 0.048349559828634 0.955855038639959
0.00257725629575439 0.0492524619515448 0.865084054120565
0.00458623615889417 0.0854634123797603 1.4604518518282
0.00347375198269148 0.0573239126913911 1.10159514747247
0.00369153939095838 0.059588272156959 1.24072827504194
0.00355278359021919 0.0655058724684979 1.19693532786093
0.00350072511618792 0.0465287156555447 1.12691091829013
0.00263747183186892 0.0561223735036337 0.843405945378646
0.00282240552539915 0.0503889622219466 0.89279819046794
0.0033667173774341 0.0483630358315498 1.04178174350311
0.00406631036983779 0.0638056755294424 1.32931300864318
0.00324272701499001 0.0565567510789898 1.07138028796428
0.00306744221064847 0.0492395842476728 0.93138126828901
0.0035126185450535 0.0569981490237517 1.15838162217485
0.00247375271934286 0.0442863371003501 0.798174605388822
0.00318637953797615 0.074418895845943 1.05789255750523
0.00306458949480347 0.0585289488325846 0.995352350795668
0.00385006506214679 0.0537682778999452 1.24160964910346
0.00293934930208393 0.0467546662652135 0.994807375262924
0.00334367754782119 0.0595693030156123 1.09988092854756
0.00325138357713338 0.0473768099590435 1.08023547930941
0.00359896864861714 0.0556718600283332 1.13961486045193
0.00308147530995236 0.0465217350879038 0.985410676632366
0.00294527833665181 0.0588002515792455 0.958834735036579
0.00312576950105685 0.0637547590025209 0.958065007589037
0.0024335389676857 0.0413619788871436 0.79423586600965
0.00414154638342977 0.0700074276237541 1.37311560429871
0.00422205651928556 0.0622740567058275 1.27508829717224
0.00433568409253897 0.0852144953083225 1.41074786997718
0.00422963644486533 0.0710874275892204 1.33585947316736
0.00315918828049875 0.0606483051599809 1.02408473615979
0.00312417848955731 0.0493141871351851 0.993703883593607
0.00298914489471365 0.049104708521663 0.990930808640976
0.00232114455071894 0.035521181368143 0.776563160921946
0.00412932008967905 0.0778667902328009 1.34930706678663
0.00371680969457651 0.0553847776843154 1.19708793440783
0.00266310017508951 0.0390266546177034 0.910167447443642
0.00338023012546679 0.0590664435339185 1.1152912352105
0.00264832975646311 0.0423480686983318 0.885573083230451
0.00406265095044295 0.0841692076094798 1.26946698704887
0.00373784625502148 0.0529666586780633 1.17425222084449
0.00311048353360965 0.0537339011126041 0.996832317311696
0.0039991425724313 0.0708348563744627 1.29639270007107
0.00343116731989758 0.0571320796208022 1.0723137141112
0.00536601351911769 0.0728095121582977 1.66388349750037
0.00325656885691665 0.065581249042284 1.02009633517427
0.00336017287761127 0.0482931941167264 1.06765103820843
0.00391409759751575 0.0810274870021316 1.19623614035137
0.00296958001064865 0.0484829622845963 0.95553843233295
0.00255924716768379 0.0384010053555211 0.811003334579252
0.00306313286677538 0.0487244875803193 1.02222610007554
0.00432383535681753 0.0907272057766948 1.3951494476418
0.00332834920639566 0.0532267079302902 1.09124767305945
0.00293032273481333 0.0511004246549118 0.98734003648346
0.0033277102171182 0.0592690539841266 1.07031169090331
0.00368249406916809 0.0750121868939148 1.20204036147918
0.00299591992873298 0.0446414779597563 0.957010539750776
0.00297340765979946 0.0429168555643235 0.949162840975357
0.00279349055279292 0.0475544862773114 0.914031363993918
0.00455182137061867 0.0818985256414059 1.46029079928345
0.0026840781866078 0.0394663980417703 0.850133262614096
0.00248654325179775 0.0401656440968466 0.867789087588893
0.00365401028397926 0.0783201214894238 1.24472450903295
0.00235012618929722 0.0397398966163385 0.750502921473874
0.00232485704981076 0.0436120241053725 0.796319680053757
0.0023220202701388 0.0489486878228939 0.762979297936339
0.00330627356496444 0.0530473675856191 1.10080942694071
0.0041981221282704 0.0693614055075688 1.38914187820957
0.00325505545736937 0.0506224293130995 1.08845991808272
0.0026686575348767 0.0418349946835946 0.87486307614028
0.00232685995051355 0.0352304857914639 0.738962801785346
0.00426711355431658 0.0708632337393342 1.34992664415189
0.00353686780272875 0.0590856336480762 1.12630738019526
0.00250998602054121 0.039187672465669 0.818175530640196
0.00363927123136521 0.0579259618417615 1.17412142635353
0.00376797358590281 0.0555229485676477 1.21865328510941
0.0029587447136828 0.043908713405695 0.974035590073281
0.0036532562093259 0.0580141838660826 1.17942208430659
0.00404279332604988 0.0532274250784212 1.38050109969043
0.00345258941563929 0.0547181847139862 1.07231203526208
0.00296233089984389 0.0501174776554452 0.952720161962009
0.00342759558074109 0.0486342447078506 1.11692797255144
0.00277598874358904 0.0419426535566092 0.924708463070589
0.00261449922480262 0.0362657334627497 0.836729917349055
0.0031086875823343 0.0507206044578538 1.01718187584383
0.00306588040676052 0.0409338164532682 0.997880459581915
0.00322550941959088 0.050137651296285 1.05108364144653
0.00291828529926906 0.0449333306320882 0.940803896650889
0.00324807136681189 0.0516202654120643 1.07582654560125
0.0039358278229624 0.0618850215476769 1.34389206427565
0.0031085783782992 0.0600433626656305 1.03588010403351
0.00382511181718587 0.0623356416712314 1.24946366277531
0.00307957036034841 0.0530848203974479 0.993466394982411
0.00274077630416638 0.0431320310641935 0.865912118352724
0.00387294263771374 0.0693152170120124 1.17974897271812
0.00259255776185923 0.0375184644943364 0.846874749427906
0.00307304830670789 0.046646318442917 1.00674539602162
0.00364159149853516 0.0590074155846511 1.19209363811531
0.00343476250206753 0.0672951825770164 1.09543873715486
0.00265849670655319 0.0370838430019628 0.855175159282106
0.00429437711383686 0.064838475412642 1.35949512613282
0.00582484798564354 0.088106924338205 1.9211169780206
0.00272763594217745 0.0514821074446432 0.938271358345492
0.00298824254659653 0.0498086557678986 0.997680276151856
0.00159948588745546 0.0251210959943155 0.538085959099387
0.00310392681785778 0.0494792835460137 0.994306708084322
0.00247481103929395 0.034435351783584 0.777746019990739
0.00273722223608258 0.0498463196296984 0.860015104402522
0.00227293086036454 0.0371864682447734 0.77034742359371
0.00359169301866782 0.0566412274007682 1.15788299818327
0.00367473630411108 0.0639439037170531 1.1935893930888
0.00410463544698458 0.0675718855741049 1.33194135792202
0.00240682604547778 0.0405990907972144 0.797375280273684
0.00416709811827498 0.062262829163687 1.28641826938464
0.00280926622512545 0.0478086046413109 0.908026159984211
0.00377712600455134 0.051963493738366 1.23279461675837
0.00237559977605901 0.0372251177368033 0.766208482703913
0.00404410557318973 0.0598854341351028 1.35542971024178
0.00333514537948839 0.0590307569330314 1.11153534571812
0.00271431536732803 0.0579112259165038 0.860518934336278
0.0028528016903838 0.0426153344187954 0.938978533273012
0.00265702090520729 0.0438826566104934 0.878102416038799
0.00334527743400809 0.0469229407242799 1.10253161234452
0.00296549230602559 0.0526848079503164 0.943907579443784
0.00285713642367051 0.0512407556448021 0.91620857401935
0.00341817318225987 0.0571381705991075 1.13456739591212
0.00307583290931233 0.0468658806929613 1.01277012046002
0.00353220333344951 0.0545891898004064 1.1295081674676
0.00385105481139696 0.0744174784105774 1.23595825983426
0.0024681198462202 0.0343889905663063 0.770966542940839
0.00300230252849011 0.0480029333441623 1.01780442948527
0.00304502267597809 0.0688875983107139 0.996559925902464
0.00343464225032705 0.0544823791105825 1.16915646221884
0.001880587924071 0.0266381686764223 0.64824100968905
0.00305373749815371 0.05178438399105 1.04961805149907
0.00476123769245058 0.0936206328547773 1.64439442338221
0.00336293607223224 0.0464814729215158 1.09358456334046
0.00349105719265618 0.0580894936248738 1.14350201259099
0.00320597047303917 0.0448070615942133 0.957713160772226
0.00300945940066484 0.0621391058030381 0.964022812803107
0.00352029480359556 0.0549038206048982 1.11080027819237
0.00229181077007498 0.0319243987168149 0.753953658601192
0.00477365699664317 0.0841707532693282 1.46966559262094
0.00504957766810486 0.0922637451836726 1.6367468774241
0.00393167002142576 0.0675156391498083 1.21640861095667
0.00408862915859806 0.0624259598389191 1.35129095870836
0.00320557677304153 0.0475688762078257 1.06862194051612
0.00423051363852477 0.0671516105235979 1.36028351441322
0.00296509839506255 0.0494685624916105 1.00898503999146
0.0035719866816053 0.077823187123449 1.13186623352765
0.00343163622004809 0.0599309310327339 1.13551003987086
0.00535730166747264 0.0761686949920192 1.66768728697948
0.00328360984040857 0.0671204510094977 1.10579036611428
0.00310472574512756 0.050411738007231 1.00585028495339
0.00319373731503084 0.053070916036967 1.01509851756124
0.00256983480586526 0.0387395299675747 0.817128459775932
0.00409202021995556 0.073697038753886 1.30816647833944
0.00364008978126986 0.0603310513914128 1.22728037416423
0.00353580727826007 0.0501126225842717 1.15803096235273
0.00367361019757576 0.0571733921135529 1.05428122983921
0.00334514765306874 0.0571740785291007 1.13947574311241
0.00336270596641549 0.0532920247279596 1.06059746043076
0.00248719589841407 0.044558229781801 0.82560827785321
0.00242959736659794 0.0435323079234897 0.826070830397967
0.00338427786423061 0.0525315480329149 1.06042448358556
0.00372461399679787 0.0567407533157015 1.17693438706841
0.00405534893029862 0.0722320881065854 1.27727124073163
0.0024708723710968 0.0375906440854959 0.795253179219807
0.00298599391239504 0.0495699482921124 1.01090169894429
0.00363345262950455 0.0592819582040727 1.16933344812375
0.00409975236954604 0.063198059288853 1.40785793950444
0.00254102776331519 0.0352286645967963 0.815041897221386
0.0029336710085162 0.0456956057902269 0.927696025494054
0.00326375366873825 0.0717042720471628 1.0391900177952
0.00522623548233196 0.0768897844165792 1.54048767780815
0.00256570404938598 0.0401312311589941 0.8579366393105
0.00237402078718621 0.0437931519219772 0.775326332454777
0.00296841879600123 0.0399332035746529 0.914561674319101
0.00310846967652947 0.0750824215263535 0.989224762687343
0.00309769764128238 0.0450284449915525 0.990227327890715
0.00304558756528505 0.0535414629185903 1.02568403075874
0.00302061933869607 0.0486032675989812 1.00262284301604
0.00273706596686545 0.0479236105697461 0.89396894248718
0.00364474034629639 0.0563442633479083 1.12467930203413
0.0047200052700773 0.0837337038129711 1.5240314903954
0.00270762795906718 0.0440869912503141 0.862863582536594
0.00369724337203086 0.0643157161203736 1.17218751338847
0.00329654894592363 0.0479252862304616 1.0627201263167
0.00274058990018289 0.0468218850352907 0.881626683474409
0.00401909937555222 0.0646784974435419 1.25825610559629
0.00322990214766328 0.0503786113766954 0.994153079051923
0.00296261740603662 0.0459727586723358 0.985774887564309
0.00357369861306255 0.0523755265154543 1.15489919593028
0.00380524867564098 0.0560551399076825 1.25129721921676
0.00341252414209281 0.0480256849322968 1.14220058715206
0.00270182458915619 0.0481416066458659 0.884281539709761
0.00222018979256279 0.0384252265588822 0.742336090036341
0.00249424110369221 0.0429052977003275 0.827068273285057
0.0030381659369399 0.0536410960645582 1.02795317396037
0.00496436766262781 0.0743129639452383 1.51737543885863
0.00404041236158015 0.0583397257490947 1.35150604406153
0.00289885726879047 0.0439009681000302 0.911074948297072
0.00513700234624605 0.0762376809829327 1.61457944112868
0.00358056608386917 0.0651267698895756 1.14652027805836
0.00307069186941897 0.0483045764803386 1.00877768777216
0.00298155848543005 0.0433676988644136 0.961611091372663
0.00339563579603422 0.0479634898890426 1.06131311391731
0.00353755611268763 0.0578349595600333 1.1921432129447
0.00418914188989386 0.0726670712032454 1.3901610968584
0.00364450018832123 0.056976207571796 1.19484064432925
0.00295576752805409 0.0558614103673883 1.01343213469463
0.00321331846472888 0.0480214202991021 1.15229892757283
0.00275791594895051 0.0397576307193751 0.93509158068305
0.00377795298121644 0.0609679748425709 1.29425626999815
0.00453555355506467 0.0639296047774245 1.41809722987218
0.00351631713431686 0.0626217578929133 1.16998103040281
0.00470028099543155 0.0820323496383455 1.50669593369126
0.00318672861618032 0.0572251850917315 1.02057459080659
0.00321166699093915 0.0655610333576172 1.08282533968642
0.00423370547526782 0.0609930007978089 1.32102970857976
0.00284534166947481 0.0436816819423432 0.889751082833136
0.00416358611618088 0.0673159779998145 1.33316883297986
0.00364444619288035 0.0777178315566291 1.20549045331037
0.00377548471430172 0.0666805427601472 1.21969939824059
0.00423918152869764 0.062637086356341 1.36193475244077
0.0023063573139828 0.0413607601475842 0.758189032685198
0.00311066728611864 0.0471107992617527 1.11118070595183
0.00294187030135929 0.0429329388571369 0.984790378843749
0.0036077505117846 0.0742070129186171 1.1842127718946
0.00552674479193907 0.0920175933746075 1.78352088688778
0.00251770464042091 0.0460040657853954 0.837789056233583
0.00313274014878641 0.0837101734825526 0.97273167930009
0.00327986793389678 0.0580046992582689 1.09622196777401
0.00324270109933621 0.0525884583473232 1.01376637107729
0.00324756214096354 0.0601111555722844 1.11559023999847
0.00399300404313681 0.0558971958862716 1.28749598663577
0.00426660163688976 0.067204253511666 1.39521250112417
0.00278684622199088 0.037772453209895 0.907295290578895
0.00276223321853128 0.0462269373771669 0.913605576581796
0.00358045990749622 0.0536641071184428 1.17498224072327
0.00345919737327822 0.0549665312215394 1.11620773818572
0.00407142960253836 0.064151032297219 1.32236986262311
0.00352423940844816 0.06318087222108 1.13120148481167
0.00252866937558953 0.0361223825631954 0.82295140372725
0.00297150982319999 0.0456924335936472 0.975852815604274
0.00271623818410924 0.0367733196466832 0.895665262115288
0.00503667942852972 0.0625896735291699 1.58440343016725
0.00285231838523277 0.0480005300802676 0.910394003664051
0.00469630993070598 0.0788644257932107 1.56989247762594
0.002830194322129 0.054597934167058 0.926444988350452
0.00427127760987587 0.0744133531502928 1.40351634285827
0.00396739625448341 0.0637622061922115 1.2405749562466
0.00259791200884549 0.0377245642150967 0.803428407277206
0.00270178180545182 0.0422620634535318 0.898806408176979
0.00351639373807715 0.055494907454767 1.18291088899775
0.00439112059571714 0.0563518288092518 1.38593582051292
0.0030221862415357 0.0517172724836764 0.987262882337799
0.00344010670053828 0.0728114901218197 1.08077425635187
0.00610279387080147 0.113854592777923 1.96347448005024
0.00376452642364462 0.0518708883761694 1.23573330872028
0.00565436991857133 0.0808046206801028 1.82426874363357
0.00389863100448597 0.0559912937646006 1.26057751727018
0.00332614279271792 0.0606814375137864 1.10090454794409
0.0024123919924627 0.0395469711432798 0.806216964579116
0.00271223863747643 0.052658877269504 0.894738544343008
0.00443839715972545 0.0631715872580654 1.46978685258514
0.00276158521609729 0.042005402932079 0.889633329367552
0.00372896723789258 0.057557566889922 1.24835853203741
0.00271701854978205 0.0462912225793005 0.896907571854088
0.00396888082171786 0.052765982956418 1.22826548550032
0.00241923947409554 0.0534108998288299 0.796610639525062
0.00242353616836854 0.0357440946427965 0.789744953216458
0.00313993761859862 0.0536658161769192 0.995534089852356
0.00327326342547107 0.0560758119855619 1.10752210180577
0.00359531013307841 0.0655964203600775 1.14836435531633
0.0037924323233128 0.062319131109873 1.21806636744893
0.00402029409709279 0.0606144848982964 1.28475481172384
0.003311004418774 0.0478022897641811 1.04551535864646
0.00289402531753849 0.0447881815987414 0.898391850392256
0.00478970430019514 0.0706662770856808 1.5386858100495
0.00407779635148661 0.0662415031978404 1.35106868133475
0.00269113952903165 0.0457801115104559 0.915026220875167
0.00619326237651669 0.0926855166590508 1.93509808830457
0.00381279061155522 0.0595355292503379 1.22131790794667
0.00394818162710174 0.0774149660724549 1.29888659776714
0.00302858703625567 0.0452999738341659 1.00685294326734
0.00332795589631409 0.0515697106904693 1.07886306598739
0.00392758075863023 0.0620225707400836 1.23536785511069
0.0027298147647285 0.0503034997486116 0.900782008025588
0.00236520297557007 0.0416850249898318 0.769132711514328
0.0042021361084186 0.0789978753321458 1.29562173356267
0.00357753210652426 0.0591292703439313 1.24226404489151
0.00264751395513895 0.0407766149209027 0.874555363435672
0.00388553133980387 0.0706500719674715 1.27643982299749
0.00291778450500597 0.0467032942319321 0.969948913635201
