0.00812226528701683 0.0738138554620454 0.6014745281385
0.00800097083649721 0.0429920838801283 0.47770432203063
0.00880440770191178 0.0709204711728559 0.58103759663697
0.0120897224499002 0.0697160098213498 0.825750572982659
0.00685041966617413 0.0581669851433377 0.464195410065195
0.00525302370609618 0.0423986061761554 0.351863327513451
0.00608401117474183 0.0416217783184023 0.468612721407934
0.0102085859933383 0.0680594794943605 0.719948942302085
0.00736423987196741 0.0461108107224539 0.491464030814877
0.00436269948313983 0.0362308238845195 0.330484998260875
0.00814356844352521 0.0518616889296222 0.558705587486909
0.00774209129847533 0.0506388912001526 0.553805649496387
0.00659117829638844 0.0456952440587191 0.502393295049839
0.00976310262251405 0.0611614533125422 0.686248564247457
0.0064280047954483 0.0367135799174635 0.463880495583103
0.00805921914597379 0.066874731073254 0.555704867540713
0.00644955689846193 0.035787811738315 0.448263954121311
0.00694150392547106 0.0490577132302589 0.510865527163394
0.0137050837479948 0.141768765875474 0.925263868790437
0.00747023751870653 0.0428221791018934 0.497889843013173
0.00650601338788463 0.0372375938425218 0.434124868326255
0.0111830267043378 0.0656473113918537 0.724680340518832
0.0114350206657759 0.0891633347376835 0.773471792786516
0.0162171788406115 0.121607262671923 1.12406180059402
0.0114350396501711 0.0745740330777768 0.808421097460729
0.00612491524383078 0.0419064424495188 0.440785519210092
0.00765225966655425 0.0650312961586541 0.588290785412959
0.00809271341839349 0.0639156968821531 0.623802520007481
0.00838123019708569 0.0410384072635365 0.553613455271308
0.00663848730742459 0.0418577163225337 0.460269103877077
0.00796159557280904 0.0453927600523844 0.5414700006181
0.0159532794690392 0.11458444983872 0.910496967857623
0.00797622095879364 0.0561229428397583 0.554169095057831
0.0091752527833666 0.075210074041751 0.665595368876007
0.00826922825391582 0.0434861012460978 0.52980476323673
0.0075065989813054 0.0560517306984376 0.526417857175924
0.00811781080203245 0.0732512851179542 0.5840629054371
0.00670842232007817 0.0607760243859503 0.476569696655397
0.0127000667382772 0.112046233728375 0.911750152841531
0.0108757624226053 0.0614649581890075 0.693625891272483
0.0139697526493476 0.0902900623192926 0.927569577164489
0.00661823233220232 0.0394200818530272 0.46966916702191
0.00670967536782038 0.0411930573673511 0.431832303452694
0.00511906690873537 0.0288775978468308 0.344186064945988
0.00813881361642853 0.0821515576138851 0.51316555295746
0.0081202740089286 0.0626475570641663 0.527699847772957
0.0147365084489672 0.119479927946504 0.989012611951919
0.0107699846787292 0.0846947131158106 0.735476751379014
0.00445390381261943 0.0243797841777249 0.313503933951007
0.00903061689047579 0.0632983546822286 0.603704478425897
0.00825947368034314 0.0499236811122242 0.594887017421283
0.00847919936346494 0.0614070168833549 0.577591412878008
0.0168083741374085 0.193770039481981 1.10034930317923
0.01183293048552 0.0750996457908849 0.839410680682873
0.00966202721441528 0.0646427528342814 0.674113328544666
0.00730957604160045 0.0454412041131608 0.56602120737645
0.0168762467135755 0.113764713090909 1.22561254217521
0.0061000730442091 0.0331210637818043 0.409990627500007
0.0126117536418713 0.102039195473802 1.00380584417953
0.007392341974925 0.043699298279901 0.53437733363092
0.010535751703276 0.0797609132009733 0.71385859293032
0.00929477020908672 0.063996654796163 0.670468564276546
0.013313722046161 0.0849641513231621 0.879301444868213
0.00778309737242636 0.0577039175732603 0.5016936800371
0.00951018111875379 0.100634461759464 0.702943846172481
0.00790044801837922 0.0606643774639322 0.611678785454025
0.0074227538111151 0.0605375538348849 0.491524360305057
0.00968513161843718 0.0917465940416314 0.653713412137916
0.00847159404233484 0.0549202999244985 0.586641291973596
0.00515379002101695 0.0554822450027969 0.382511715923886
0.0148132006603487 0.128289821108826 0.975014228066237
0.00633560305094031 0.057457484235021 0.4785451794583
0.00893708120504503 0.051516956125245 0.625154087345763
0.0110777036624666 0.0530155002908065 0.729132335749197
0.00786192343768816 0.0543862044945276 0.565807787785824
0.0128538849318146 0.158425195269479 0.915845823997766
0.00719826788845331 0.0473264068971021 0.477743631129212
0.00807470192616247 0.0567529545036992 0.611855545084449
0.00840465270869549 0.0456767329435682 0.571752965404727
0.00890927538593301 0.0600706855438471 0.56522292566712
0.0184055326990701 0.107825271792401 1.23820314220475
0.00542177417193499 0.0307062584949702 0.387645080037728
0.00788452549760407 0.0480010508416142 0.564667622520441
0.00671626740489868 0.0546726836136899 0.501244348111427
0.00682205945364732 0.0464639359685477 0.494064971485727
0.00770227955616805 0.0500323675988868 0.531379924143318
0.00684274469179457 0.0434547273117672 0.465365107912876
0.0109829013049413 0.0769618312650313 0.779700685874374
0.0114073810329179 0.0689361634167592 0.811528299399525
0.0111137656944367 0.0760384950533634 0.694645537988834
0.00623782243955622 0.0528532774947806 0.424115951298758
0.00491451813474829 0.035062146742485 0.365303611450492
0.00606454285959355 0.0442561960635861 0.438992253880309
0.00742451109724424 0.0626138357421473 0.532872731177967
0.00852123525434068 0.0574395143448715 0.62340100955934
0.00725613612376918 0.0493705253476376 0.496046676896463
0.0139406045856336 0.073556661715416 0.850957058329025
0.00855177358547132 0.0539660238580685 0.597357707114879
0.0143495506975632 0.0983696791138702 1.0488581618859
0.00560394096089412 0.0453489924521171 0.375995194776676
0.0129414124893985 0.082571634802398 0.879814752739461
0.00664531385079911 0.0409380734650667 0.474589745131
0.0183903431455061 0.120267946132995 1.37770090702304
0.00735717822127923 0.0567135262114694 0.515173526257581
0.0111743495003826 0.0751542703658791 0.735979187987227
0.0105161991847512 0.0870144892080739 0.803650084851514
0.00580023198875144 0.0418717394413483 0.407662872903597
0.0093831190299087 0.0483659409968694 0.63262240566614
0.0110025636417792 0.0784509057319459 0.766576910722279
0.00497835781501837 0.0377434279862434 0.383833927760271
0.00849541360854828 0.0582514283901845 0.595396147069131
0.00948634170862462 0.0770686064643744 0.732472473317656
0.00567478863845394 0.0329070078190803 0.382995327672896
0.00871432242435691 0.0948406489640611 0.63299415364115
0.00627659104249638 0.0403595850794118 0.435726521216832
0.00815239150715425 0.0524259254805633 0.608621511850297
0.00615225104846642 0.050864429519775 0.437216392968897
0.00842235107701899 0.0480262584923552 0.596133924848162
0.00551576282650464 0.0467179158109024 0.400990685869268
0.00585105767952764 0.044777580502808 0.404052621184558
0.00545429342732999 0.0379665472560581 0.435225354754856
0.00532201759343312 0.0370737049225426 0.350222447298755
0.00796143006185097 0.0742527642045154 0.566461373831387
0.0101348004944048 0.0647843834474029 0.671083722849368
0.00951262196958392 0.0609690412778899 0.699845798868984
0.00940508437837005 0.0623752553551858 0.60648182564079
0.00816741418060035 0.0505003732199791 0.537412439375666
0.0132708532705394 0.133224374156418 0.888312092818902
0.0099466375179037 0.0709720852277528 0.758034249152984
0.00725938963469565 0.044080664319043 0.534876767776576
0.00842713242262565 0.0808249666329419 0.629366016403889
0.00640546345645028 0.0829401627145892 0.448191197654172
0.00733183152792209 0.0623113910766368 0.544910231095166
0.00629664822683037 0.0305434280117507 0.422579895030512
0.00596804886553618 0.0418663430834121 0.458867870864935
0.00940030578262716 0.0554737362397022 0.650056595696152
0.00632120074134466 0.052618573267135 0.45394268250718
0.00737250902828297 0.048870473853482 0.546200338915912
0.00720499471801539 0.0468473289407727 0.485182092273984
0.00907562594381978 0.0684489763911926 0.660437799966576
0.00746007422766621 0.0466244613704693 0.531734883298044
0.00947414401193405 0.0763067787622776 0.633128244512576
0.00767126723681578 0.0596895529159356 0.512943760983052
0.00597129655788283 0.0524965678263405 0.453583347582067
0.00887908513855508 0.0664258639377503 0.635102799492502
0.0110173742737551 0.0654854477249373 0.742745737508691
0.0109270765433916 0.0751615406408735 0.825220292565717
0.00742167291179179 0.0498290139126831 0.540277248306908
0.013474596368239 0.0785525007647766 0.953998583727233
0.010045013354691 0.067564971755293 0.660823266716321
0.00878755490287147 0.0554183134588082 0.607534787175294
0.00572241357897698 0.0378272327872211 0.403205961837894
0.00764976511801606 0.0664578774826301 0.550311166507323
0.00556559808701859 0.0301441012164092 0.387458639214214
0.00655340650525857 0.0570232730770664 0.49808605273612
0.00510526330339765 0.0619389902448827 0.38706703562476
0.00536048218687343 0.0470034878587811 0.372725963888899
0.0075460220011214 0.0420495198074177 0.464815557392055
0.01226503757783 0.0795613555823159 0.901194612936589
0.0131368743953928 0.0808005624551703 0.868922098945893
0.0121420230748074 0.11238827201145 0.827989659060424
0.00939975662902149 0.0542886781131128 0.670736396697125
0.0121081209158009 0.110331127223829 0.821844368587157
0.00911482579271421 0.0706328345761389 0.555805687738683
0.0118786794985403 0.0878881572623268 0.857433920317631
0.00746861476372234 0.0417508891992445 0.506777930553284
0.00717391221103634 0.0603677859934699 0.490449984165656
0.00923618635477937 0.0860478637906241 0.661857450407864
0.015358711487944 0.113319865930946 1.09602974952979
0.011008279312786 0.0730719399827963 0.768380652791664
0.00866417848870162 0.0495431995621909 0.526122380821807
0.00976844191674131 0.0722223510353043 0.739521238202825
0.0119327849876235 0.084307722646215 0.785441980945565
0.00794559276062995 0.0506791236021763 0.517665824526226
0.0128628358385297 0.074122606770962 0.935702356088332
0.00844802069614527 0.0617021455075476 0.581342384068814
0.0103958063485323 0.0915506306738385 0.641561816255685
0.00861873556681673 0.0571145793321293 0.630928083857648
0.0128473743178328 0.0687564550650399 0.763920460027165
0.00707044228818412 0.0446021079825613 0.486158064306027
0.00856616553145586 0.0668029168399169 0.621067760465372
0.0106569747658636 0.064532129430939 0.639794814966012
0.00634001584046564 0.0351418119688004 0.448858578736007
0.0173031124160174 0.125792632990467 1.20322418031981
0.00701215673586441 0.0640695889023499 0.449650229040338
0.00654916389026047 0.0478935975589396 0.49231301532169
0.00529062818758961 0.0407511553831448 0.392103569691439
0.00657111694844668 0.0606663618988969 0.435154549201275
0.00720958231163625 0.0485038824730522 0.535393454705489
0.0130336384226846 0.0739993765127406 0.942998546934967
0.00945580274309939 0.0681350943474447 0.67758108016251
0.00846447401715822 0.0586794963944785 0.573661892007736
0.00740890945928614 0.0529393634189318 0.55176088794966
0.0164692109634847 0.178407388404512 1.15152470014652
0.00753526370348477 0.0678180334951718 0.539580233626924
0.0103293751903602 0.0717424430585377 0.754892810703976
0.00493204078945072 0.0286665267293815 0.344539610321608
0.00786397029512921 0.0651429602435017 0.555881047696704
0.00813978211201802 0.0468677896052241 0.554414330614245
0.00665838576760095 0.0586363114197515 0.45483982697706
0.0178845929487194 0.127983080357204 1.24048553986158
0.00600869615633742 0.0350748221843786 0.421332919024246
0.00634741544717958 0.0414491542385339 0.424763931522358
0.00974203728503672 0.0521053819589924 0.676041909679717
0.0103066947131505 0.0867347536308828 0.700292847503418
0.00640893527981488 0.038949145971292 0.456770367023728
0.00829295643229075 0.0536722013204371 0.611969535945605
0.0102710610757381 0.0573205518166794 0.639011472223605
0.00679310024248377 0.0481817435785167 0.429310553195499
0.0144020420776089 0.0974407805436391 0.894798391947479
0.0120856516923238 0.0721454540366137 0.805070634387454
0.00815514043298935 0.0539564923852712 0.553356982434607
0.0075159354711904 0.0511557713185956 0.521584951413416
0.0124588274923458 0.0726029518908505 0.83520906410827
0.0218967993300736 0.118922801713113 1.38806095705554
0.00763768950833657 0.0614070572592877 0.485124099144009
0.00875341388592607 0.0625634244198801 0.64964694806749
0.00842700949058805 0.0450786586992545 0.531145186480208
0.00926131763218402 0.0893618048505798 0.624418322101481
0.00888943592956859 0.0634576736958906 0.652685210993044
0.00989821148935459 0.0740535927206237 0.688795216780987
0.00984896661755478 0.08410601191064 0.607869203439823
0.00496417984053584 0.0314663961031893 0.349994680912524
0.0130034176712091 0.0753783355115408 0.91810552613724
0.00753417300935485 0.0650674921808302 0.562244525510521
0.00782367896203132 0.0455224409325445 0.514802018254206
0.00771315190063947 0.0505715734369618 0.608990970407161
0.0103937307655368 0.06910198809082 0.746531905842774
0.00857893520466128 0.0674169181717906 0.635765500956758
0.00913864376055252 0.0597508987758845 0.59575534355857
0.00667363976619108 0.0487917463665023 0.50312507285016
0.00775502787129378 0.0488445442474656 0.562932107488248
0.00794526954113832 0.0520822106696394 0.607209033720791
0.00871033597395976 0.0553185203293843 0.529367595236284
0.00513041480993406 0.029952303014024 0.329215976233793
0.0131186813162286 0.0668966248523197 0.878978511069569
0.00650016691649649 0.0484342295992973 0.436820184498897
0.00653754393444384 0.06137450277786 0.436741779880391
0.00783481927273505 0.0632566522104256 0.584499295788869
0.0123604416524235 0.137134728729423 0.88169835890458
0.00700732204974122 0.0503060029800208 0.466293496390874
0.00798755591400999 0.0652374177828883 0.550812510845758
0.010382231176586 0.0880112006658776 0.791016849302831
0.0124937722182666 0.0860753426872445 0.848370490549415
0.00938185634604562 0.0638204495444105 0.633857253138244
0.00771978955036238 0.0456333589469341 0.548104347336308
0.0089391788324865 0.0814809692179987 0.605824099754501
0.00910038320893802 0.0759865626575693 0.713382975183528
0.0134109384748107 0.108068462474288 0.923660209148589
0.00842651731029587 0.070095000239309 0.607589271054759
0.00943343836178208 0.0588511381114529 0.703462033551783
0.0113203002819601 0.0891665863774327 0.800756219219041
0.00586320202519016 0.0388979517446178 0.422108235616604
0.00906000793464032 0.0504212762776132 0.533233828310003
0.0144507755489235 0.0751369356347185 0.953814722608944
0.0110295117471136 0.0656893020086394 0.811351807786465
0.00897289992116999 0.0623381340434051 0.62139792082793
0.00705241329154197 0.0666937336467108 0.47611260030753
0.0143047316034656 0.111897439337199 1.0527167728868
0.0100175746901498 0.0708372899198797 0.706883800130145
0.0127701838692213 0.0861315046220885 0.835236520422276
0.0121505881204573 0.0859601393637856 0.830396004454845
0.00539194399691776 0.0528658388861316 0.419971650835266
0.00828248785738535 0.0577878078932301 0.55290490345065
0.00928207991517211 0.0641312520771715 0.617829650387125
0.00573227901755382 0.0345157828723811 0.413812089328451
0.00848801638269969 0.052442114322452 0.653413519593996
0.00880854110191153 0.0644847544961681 0.614400602102843
0.00724807952173467 0.0521180910778041 0.513763838507441
0.00663381602674497 0.0557717874873402 0.466510876334896
0.00830582077827813 0.0685369092430488 0.57918200015675
0.0058628422972173 0.0349911221835728 0.401004861682397
0.00685314995812808 0.0931346398019074 0.505312543308392
0.00614315579264746 0.0375709270472529 0.464814912219267
0.0104672947620208 0.0625046586475568 0.65695379555408
0.00631076489792616 0.0334225899754791 0.416867205971001
0.0054088537138557 0.0331375201344532 0.368932245818703
0.00867875453956336 0.0514312525860019 0.590600481896422
0.0169877144864801 0.13376323089487 1.15348751194535
0.00647506793133926 0.0403208699061261 0.447837417753857
0.00813952010321106 0.0790335561102492 0.602327773560953
0.00461249891669389 0.0337857240504085 0.313958894421568
0.00716569914923335 0.0415622429168677 0.514714719306269
0.00705421005915217 0.0645359743508709 0.484380539096976
0.00788085237478532 0.0490907079019604 0.600164864858143
0.00736434813521672 0.0607396645221573 0.497465913351956
0.00805830370849999 0.0667062610255379 0.548998628773755
0.011316026500193 0.0753141534044979 0.809928086544951
0.00933047576767426 0.0530903044611372 0.684833627283443
0.00831470714449895 0.0470967499056626 0.59802200449213
0.0100481988240425 0.0623496560009426 0.712684040458962
0.00497398992389964 0.0330399527699245 0.342136480845487
0.00689600353641234 0.045350766223099 0.497655935027469
0.00778309906931439 0.0584348526894933 0.530895247093637
0.0098735915841335 0.0602804205476104 0.701109753992987
0.010101289053231 0.0692781655272942 0.66804860835762
0.00626780193850469 0.0463402686678079 0.42593963648575
0.0133928109724028 0.0862261183436554 0.857682511668322
0.00794795905748751 0.0537170288318119 0.499553097132384
0.00594724815692227 0.0452133277233284 0.409236326632392
0.00387120812655534 0.028211098022391 0.27376733440029
0.0135947299166573 0.0907296694265805 0.892253911380304
0.0102729029963071 0.073366425186681 0.713004903541177
0.00748331600483375 0.0428927208099439 0.517286897585231
0.0195958279206974 0.113594446206891 1.18286989320088
0.00705066747541053 0.0487086869298704 0.524010610380128
0.00687936572158531 0.0956434930284503 0.472121239601117
0.00828734929310912 0.0588662872693856 0.569097748395902
0.010846811646122 0.105581142648427 0.79073763472263
0.00886643235540062 0.0548673683465223 0.567056005841428
0.00939280194835498 0.0775411699804052 0.677453680903345
0.00850438370525032 0.074621064046291 0.603974227054595
0.00870782483736202 0.0617677350585997 0.591913356024561
0.0112584615079133 0.102714096449549 0.733650728876422
0.00636299700614813 0.0409322331397427 0.466942406664779
0.00611283931960472 0.0529504130719323 0.458299892946464
0.00819825476663158 0.0888906991711827 0.570794150070442
0.0120048892823551 0.0808495883245459 0.894320176797706
0.00694831521796858 0.0392224400904612 0.473406925737439
0.00960119998306802 0.0672649713276806 0.632057042086232
0.0109158389621655 0.0917733214634915 0.776585928579952
0.00563860579222349 0.0473233256564142 0.410525364164888
0.0154825320585233 0.122774421902095 1.09148080252822
0.0115822752247904 0.101073267383533 0.808866713796563
0.00840191702147207 0.0738907641922136 0.601742675525172
0.0124402606934631 0.0909089626567411 0.833008061748126
0.00907483925796586 0.0569550795329504 0.662085924101608
0.0145911130510078 0.114705715243067 0.986153076953563
0.00816466089134838 0.067929557373607 0.572517076328292
0.00977598798431911 0.0985634033189857 0.631380486761516
0.0087103910909051 0.0617299472849365 0.525021595630371
0.00817885069369508 0.0548467326990959 0.559443992287812
0.00736463768179446 0.0504796208643619 0.477222666274244
0.00962078690627865 0.0771755229769288 0.717042182167533
0.0105244233262596 0.0681287841868066 0.799700958460483
0.00655661420190667 0.0564596291088043 0.448107418379745
0.00615660467666406 0.0574771138645594 0.422776344643949
0.00514516430864947 0.0356424901152301 0.380262322131046
0.0138490598343679 0.101530758148564 0.930394663712977
0.00758487137401579 0.057073418793299 0.531607071412876
0.00699572568249005 0.0417587869313653 0.44179218539922
0.00965457112953987 0.0760057166464294 0.688676171022549
0.0213453082755521 0.120163361128902 1.33533628941244
0.00802610399727198 0.056277131604945 0.534997425548834
0.00579048276504501 0.0412227455709141 0.439942077705579
0.00781706336693571 0.0703185985920732 0.575509470018588
0.0180447361472249 0.153180236721916 1.21867066780546
0.00847138388758575 0.0662856718637013 0.581021411337763
0.0146766735681194 0.106119242596668 0.958168146953024
0.00750423959068523 0.0704392355662661 0.51353069948661
0.00776257305984879 0.0519731984262922 0.55820547909082
0.00866266893323027 0.0815717510365645 0.613297503425886
0.00701297569207378 0.0363007733851184 0.447329687312607
0.0094357507715714 0.0618997154440339 0.690900326960907
0.00799744740586972 0.0627979423942061 0.509626757124208
0.00776410890628539 0.0443261416229649 0.534264933008817
0.0069204924923569 0.0635788755254022 0.472646820820002
0.0073711959989578 0.0461266919148066 0.549977060471825
0.0064476586740553 0.0377607329543516 0.447212268205704
0.00800124034064072 0.060175097168084 0.58524786629346
0.00768532462350252 0.060966773537054 0.555790403386227
0.0108102025697197 0.0830319817672072 0.833430908751468
0.00732014004194543 0.0772540854853976 0.511707770123106
0.00906009232535667 0.0598725399714241 0.624341906802623
0.00981746924732977 0.0701072069563559 0.675720747867097
0.00627528652136621 0.0373130304189913 0.42397259966177
0.00751853391524106 0.0467658628260683 0.554374386065024
0.0091416795596638 0.0711537039637582 0.668174409511744
0.00964867663823584 0.0638472069766258 0.628993917225629
0.00695144327293724 0.0582184972830085 0.487244433080288
0.00801135838565176 0.0431351963138211 0.556241718947397
0.00462560518458671 0.029120203622399 0.341033571898497
0.00515326486863886 0.033583457692924 0.382509549308688
0.0080481211128835 0.0552735928971202 0.550409973948178
0.00573049488487327 0.0399336884908256 0.40032625306409
0.00894886787418747 0.0739744080564074 0.619251052360298
0.0071032975641438 0.0462925709120153 0.485711889994104
0.00708732267521799 0.0429785492735433 0.495061438954521
0.0120451617038649 0.0668851086438118 0.806426678610445
0.0198803738014817 0.12521365494742 1.33892709082897
0.00931938921719533 0.0622792810456191 0.658050305288972
0.0107115879987857 0.0908274516475975 0.71575111536055
0.00964979337727978 0.0720951426516557 0.745779747703283
0.00735124816889549 0.0531565630772334 0.507063409003542
0.0116382460117851 0.0803988516420055 0.763006443676364
0.00686149531883205 0.0479038844749049 0.450231133232962
0.00947483087049673 0.0672131529061927 0.625603561683092
0.00557824432958359 0.03806393817904 0.368621983010583
0.00770544688996553 0.041741382241818 0.496132761104248
0.0110685593696516 0.061251990091257 0.778383949750694
0.00691011414078147 0.0480704833611232 0.51141614313678
0.0105987203377394 0.0710236106930316 0.670281038468894
0.00666542812960648 0.0544318117565549 0.454029510139186
0.0080248103588294 0.0431702541801554 0.553494955797947
0.00894034415199438 0.0586834035802758 0.575943154909188
0.0125866189189317 0.0798387495056803 0.830517918613346
0.00861759440264231 0.0473243153163801 0.568769145819087
0.00578326767011463 0.0454220025951049 0.411890313659499
0.00462201049857436 0.0333924741460429 0.341549156159807
0.00792576855677998 0.0457119673286642 0.543203424676318
0.00922589127058625 0.0615339410688199 0.642685875702359
0.00808614700095583 0.0552459099137351 0.556261999917659
0.0116603315246098 0.0807401243609869 0.76977458989883
0.012310619102611 0.0738165521744389 0.821389187677117
0.00471061189886366 0.0308637891743887 0.344452748955565
0.00739296512577015 0.0600913751741749 0.567287408442968
0.00640297128648077 0.0417026082658431 0.446616408389528
0.00954802853894792 0.0516099736747613 0.686140054797149
0.00916519680560142 0.066909190738071 0.63437774731667
0.00880844577820894 0.0586025983558052 0.658386302968276
0.00710493233102374 0.0563994205566327 0.553174064474932
0.00573602474084376 0.0297252789254759 0.380769072649254
0.00922021858385132 0.0909836709122043 0.651411269902985
0.0103553035220559 0.0538101714485371 0.646799592167935
0.00779908486524435 0.051170806975164 0.600618003210136
0.00890100578689156 0.056737339838435 0.631100551493263
0.022271281120696 0.1477106509412 1.50901104970524
0.00480888832140786 0.0290674547041129 0.326840636197338
0.00907946294790894 0.0805501337447509 0.643676053589527
0.00800196244326125 0.0621924808109072 0.611241915009548
0.010763889355459 0.0811154392569109 0.796373746871419
0.0121194315376584 0.0873755893804665 0.862983093952564
0.0100739955900509 0.0659837117765007 0.725133621530487
0.00943212899000704 0.085655901386119 0.648313355943569
0.00382999671290338 0.0316270088357009 0.262301919587199
0.0144519274469505 0.105001606405024 0.893511911608257
0.00750399143696109 0.0572152505895116 0.546184360142847
0.010149105911088 0.0736256713621302 0.639762118639817
0.00850676852242731 0.060239116491742 0.544610864204388
0.0108566798756128 0.0734666655024781 0.735974137080925
0.0104065749100629 0.0876579370816243 0.688623009309796
0.0105660600473523 0.0731721657877072 0.705437177584209
0.0104242535522661 0.06600660088585 0.766793402142415
0.00877374257130241 0.0518430310070231 0.653489547879126
0.00702884514324679 0.0586093138643046 0.465935341759909
0.0109926440940301 0.0919871333373771 0.779460414567635
0.00668943120424321 0.0436613968754241 0.481747366438045
0.0142378323787816 0.10073999737494 0.93512877037308
0.00937022093084089 0.0787409356946475 0.63548087352056
0.00672410287933515 0.0472058408310572 0.490630977649095
0.0100852438547596 0.0703027537052387 0.68547175669778
0.0055517664484403 0.034216771460042 0.372743765539901
0.007186749286538 0.0442052367359903 0.432808249415434
0.0132988108505623 0.0719647107249078 0.8860393737098
0.00746230312122227 0.046647342875791 0.5489870223892
0.00694194103443091 0.0371575475241841 0.421354391598968
0.00955495324044905 0.0563570385947309 0.683410307458057
0.00816316632060191 0.0568436447196686 0.575343870130435
0.00739218356383034 0.0558706986064429 0.517294816999758
0.00958544965606627 0.0596165163130966 0.686481936306416
0.0102431427586623 0.0713666095183964 0.755377790243089
0.0126354937656321 0.123934331427435 0.883519780106719
0.0109843856647376 0.0718025785218664 0.673240271953169
0.00681130299507008 0.0484159354959801 0.484942819903483
0.0101112230685759 0.065697225948099 0.682238784839033
0.00979622576754523 0.0700724692377366 0.698045492112624
0.00630478305694018 0.0431793757476961 0.443213917474654
0.0085421451230556 0.0661533057384301 0.557153455268004
0.007113133091916 0.0518772895330646 0.461077942679098
0.0069712211250329 0.0422404529559935 0.459013841865939
0.0206815736516947 0.114059925906788 1.34097397976743
0.00991105535712796 0.0562916904826653 0.633403091150813
0.00799119431223798 0.0483898026833266 0.491886485565185
0.00694073057733089 0.0481426030865046 0.48315896047825
0.011283318666679 0.108683171314584 0.77989269372691
0.0198127980897999 0.11339923372248 1.32837785461102
0.00640762066187742 0.0454753121083032 0.446152297511584
0.00540415379117857 0.0389313640280561 0.383884531892426
0.00536034928619594 0.0408573385315985 0.366705691252574
0.0076325558643788 0.0601924139304818 0.54620650304343
0.017338725275782 0.129228228778958 1.27019074977547
0.0113475007525979 0.103709321033946 0.739277996443736
0.00787333407593417 0.063691435491435 0.521256126169885
0.00651800531769709 0.0415142215620131 0.465125189730698
0.00799176393291531 0.0510456268835707 0.551766202339413
0.00569666825835152 0.0498796961594747 0.412515386879664
0.00511129625177356 0.0397337343488346 0.36995511678911
0.0115650994453598 0.0701449018178972 0.814537594507043
0.0081487528294224 0.0821771263098357 0.596581979535957
0.0085115270175311 0.0744041826714127 0.579116075672826
0.00783631015225565 0.0534355982813195 0.50447031147499
0.0101610009143807 0.0664623107909151 0.745061797424208
0.00637337742258836 0.0508570765387956 0.455439490552676
0.00851157296173832 0.0511475692066793 0.59355386790409
0.00755179229400831 0.0518593612564886 0.5016068942863
0.00690127675731497 0.0427040677195092 0.488373492789518
0.00842141515624047 0.0645914978466263 0.60895828722352
0.0065347279768505 0.0408004808905211 0.44415160260456
0.0106227734678405 0.0808856728655432 0.663338479146648
0.00794344399788846 0.0611926780849893 0.526949727617421
0.0136202617769034 0.10186574198502 0.948855282529271
0.00702824202667929 0.0420072389191615 0.520572488375077
0.00754699866564326 0.0588945058216037 0.56631374006072
0.00815714227640257 0.0492003469986665 0.567404299692631
0.0116082247092728 0.076911845018215 0.784472016586654
0.00910972801753161 0.0539942603066042 0.558699019607015
0.00990581706643553 0.0791355330695084 0.686371278604673
0.00962701052974916 0.108384650230105 0.69475925706872
0.00522611584410207 0.0361406070386114 0.344627374952953
0.00729101704132232 0.0423450607764347 0.515429527541563
0.00541865861940486 0.0436250237200436 0.382083378818214
0.0174322960755202 0.146767206948534 1.28090831859879
0.00978354097443637 0.0538422271619587 0.615910561453499
0.0084105679164969 0.0513986497690392 0.553490090142182
0.0195692233164548 0.154246173756519 1.41680977008617
0.00877586755331473 0.055978257494942 0.572131983538003
0.0101722909663056 0.0804621993287042 0.743818657599213
0.0087311084713819 0.0955638905810462 0.564631716563958
0.0108943484680316 0.0587374790864365 0.725466921462337
0.00780440172867202 0.0471338289230916 0.536712478970904
0.00605182215386248 0.0390515581940641 0.428907772585488
0.0116527688524988 0.0706409931606514 0.818967221919952
0.00684064392230606 0.0483731206000567 0.504544410684553
0.00837943043074329 0.0838877566489116 0.618594692774176
0.00828760865497134 0.0864115258377741 0.630542590414005
0.00653674041484832 0.0638850817264114 0.437342354003304
0.00702490776922992 0.0509082149442861 0.534639777454357
0.0074196922548916 0.0583269831172839 0.55677076900283
0.0059619121281715 0.0400147499056621 0.427867642320224
0.00591735484767004 0.0430862096358997 0.420782487662134
0.0100657037786129 0.0627495020070421 0.674021617919317
0.0104565014528565 0.0771064651187161 0.656683576916451
0.0113491503184868 0.0948225291551917 0.776171997821508
0.00819750358369231 0.0725584096804533 0.581733139095005
0.00711422594354853 0.0501800973942933 0.489093856442828
0.00702779873252174 0.043525037014854 0.478427298808912
0.0078835725367119 0.0465615265806945 0.583518945770433
0.00544324276318667 0.0297966954108061 0.392936156826815
0.0176035814926615 0.144028777600734 1.15866507703758
0.00822436562810671 0.0463160713832904 0.562502666467155
0.0062638613828 0.0464880989448989 0.456016471787957
0.0092667330025732 0.0560743742399647 0.690620655171519
0.00922470736769902 0.0608605659330758 0.626306696165609
0.0170013237475787 0.0961591778159008 1.06861927440691
0.00771029490650617 0.0728994127257745 0.552876446037125
0.00757041626163212 0.0502085609120809 0.510774352860814
0.00888416325265272 0.0534837901104034 0.601608408939616
0.00871763727495445 0.0767027254431328 0.603555809208213
0.00822424354319555 0.0406205903392523 0.451545992765991
0.00849960314992607 0.0566662464173014 0.625704143071867
0.00726490094800361 0.0406455231275602 0.470972663956018
0.00540314072641233 0.053016778404629 0.378024605385486
0.00912014195323172 0.0517375577364573 0.649225318080822
0.00697371278096894 0.045883344436048 0.520409829327241
0.0076368617510022 0.0891129965697788 0.56332542270017
0.00995564834968874 0.0691721605677296 0.706302680970061
0.0103299461312643 0.0791037710861328 0.692424599990049
0.00737912238224731 0.0369401392203309 0.492558078022133
0.00698766677904012 0.0460344475823047 0.504330317434096
0.0119567932617292 0.115944672414155 0.754715961252057
0.0075053385117 0.0619092476863292 0.51914483291017
0.00795510227976917 0.0497029080516182 0.539777611513421
0.0164886184141379 0.10172571622417 1.19089577940406
0.00686832629531709 0.0593933815711979 0.483625925478694
0.0157480015843384 0.109659901850572 1.1421907904735
0.0108298797178793 0.0698747534015962 0.771428499827497
0.0085275496437032 0.0606533498458722 0.594457437051135
0.0142223631060543 0.0939506998521175 0.952407791231056
0.00778838557961391 0.0704043986690784 0.579093766823871
0.00693575977399355 0.048027868882553 0.518083238999854
0.00583543554844626 0.0507208401510481 0.405011398352665
0.0100865335112821 0.0794076685294282 0.741964471745039
0.0079294483985399 0.0467264075032664 0.553243328337086
0.00910201558494534 0.0669123911723816 0.6823429207018
0.0133643305028427 0.0885710811133664 0.974977052278034
0.0130330613814219 0.108983366701729 0.906540298119205
0.00854736538162755 0.0581733783911313 0.570893244372849
0.01097844289127 0.0789611078981359 0.759397265641662
0.00582243370916907 0.0293721621139949 0.389405834870841
0.00720293475809593 0.0496364194233699 0.502870288627475
0.00658244730489556 0.0349045103657411 0.448607438270084
0.00804597424556056 0.0519862188604394 0.596820632117869
0.00891971111152243 0.0598736018600022 0.580836269094327
0.0082411434828384 0.0485747337802412 0.547582068262792
0.00800024514494125 0.0584193114434096 0.556819973662161
0.0075393893087439 0.0506505397819312 0.538264140427483
0.00630909130298084 0.0421655531352626 0.483531164497845
0.00800294568518415 0.0506756257066616 0.551578991228453
0.0055777388441591 0.0461894593477245 0.384399930948924
0.00809380014646809 0.0616818079599009 0.572444767624158
0.0043004361319479 0.0271060222701566 0.341526095118069
0.00728560811674028 0.0424749922856353 0.520133763031159
0.0109430041431476 0.0893220786999317 0.769350112041329
0.00762450529471003 0.0539039177993694 0.512186584387816
0.00614762673407947 0.0352081124867829 0.434717433678563
0.00941784083806843 0.0731883169584184 0.635061389274755
0.0120270662701149 0.119137249175892 0.808777239679215
0.00700169620677703 0.042662421848846 0.476151968070925
0.00453934165115584 0.0294121525567902 0.318519323429173
0.0108929743680713 0.0769419433640919 0.766151243401692
0.0110287628136312 0.109532213194407 0.816849944746153
0.0102393336688558 0.0827766426319934 0.731481017834364
0.0081420610803589 0.047258138033655 0.576836459403044
0.0167005486815662 0.114366991010758 1.15299709772316
0.0072345341525836 0.0539146693829699 0.500053521084753
0.00918375865088012 0.0744186827104306 0.598660036148599
0.00930635994743704 0.108811740744135 0.664658731489613
0.00576131294314066 0.040658440476305 0.431110337082754
0.0113273684679505 0.0741404999146093 0.811675216446016
0.0117892671390996 0.0875839666883362 0.905221044052084
0.0124444296725085 0.0960801537026763 0.93950676295212
0.0105714591890035 0.0957565578372513 0.812563699846188
0.00789303410086389 0.0478767969899052 0.556638305312458
0.0144717722868705 0.0830823857850952 1.04761455860119
0.0105603035519537 0.0680306189381999 0.720955497696141
0.00834489485630743 0.0513343239529335 0.604361630102215
0.00701004103650058 0.0614957683470489 0.483094964724931
0.0082833979054865 0.0491857598864167 0.553653197812015
0.00688813822071303 0.0448854842666728 0.502990805300316
0.00717699259996031 0.0611447545655677 0.484260861664212
0.00907044423368281 0.0545026257304687 0.614445641514704
0.0122786994060222 0.156818855415345 0.810233028442958
0.00795264441103478 0.0699013405258831 0.584371600748164
0.00888944706821627 0.0712753176458998 0.614189154996769
0.0181204377234479 0.114736309194908 1.23414802229911
0.0081994190238485 0.0531809868672039 0.606366556323464
0.00824823369950922 0.0499880069541637 0.550147686857738
0.0105892865814183 0.0686450240582996 0.729961618286828
0.0103469489485245 0.0799125409436081 0.703698231050013
0.00512452052681775 0.0313349174949988 0.370609943245217
0.0140502812619856 0.118935335176743 1.00140998027971
0.00675367226106161 0.0447575722114553 0.50071146213354
0.00806361408438461 0.058415410639254 0.561237220410359
0.00847159434984437 0.0543132111227702 0.622922012618084
0.00998442036465889 0.0660128481764167 0.644275675067086
0.00897690510194957 0.0494490446676968 0.599560551440034
0.00783943708113374 0.0757276203707362 0.597292953290352
0.0047381270602614 0.0315581780147835 0.345140105560116
0.00598089807564142 0.0438980962927695 0.459113448373852
0.00377518421628765 0.0288704673359536 0.272494189360605
0.0211528862349572 0.138026336669796 1.4470425258041
0.00750992322454843 0.0583959763467011 0.530588875696864
0.0104680522719139 0.079010951777878 0.78232661440709
0.00655568989115202 0.0569434095115095 0.488296761553644
0.00967993606655036 0.0619172442140598 0.640163430446474
0.0127125631914948 0.0796060989293634 0.992637660523326
0.011239685886566 0.0665715923140662 0.710147839662718
0.0188705718299379 0.176895046302568 1.33296032436362
0.00671398431266329 0.0536622335774132 0.48606134915933
0.00885400998235827 0.0583840647766038 0.61061237935709
0.00528623404329145 0.0265916102731405 0.352901121923293
0.00660315793943959 0.05267627684191 0.457374631287057
0.00583107217746865 0.0455047220524344 0.446053689611392
0.00798618675309181 0.0594671698945503 0.541364380569631
0.00840889260927858 0.0637888773181525 0.615583830377487
0.0105465943270112 0.0838498261830875 0.743095663183914
0.00675652706630734 0.068179266862148 0.446987860205272
0.00618100912866722 0.0398244067798805 0.414432769563144
0.0076616382852074 0.0542675655614442 0.520184790454985
0.00544234455573029 0.0397789797719826 0.415361677724347
0.0072925462142149 0.0800908154310467 0.530374535914166
0.010244917485624 0.0613920164474413 0.696463488019581
0.00820179631412684 0.0653534882061992 0.597201159389547
0.0101820499279895 0.0604982932540194 0.732031220671066
0.00844428149566306 0.0598561051665156 0.559609931086299
0.00715051819440088 0.0506549624941392 0.537733913992767
0.00973893152874239 0.0759774583895597 0.607099820967541
0.00661481021920375 0.0359590926936651 0.458035163086162
0.00809838304707269 0.0479037633223531 0.578728368092362
0.00638743078398893 0.049008693270259 0.44163498201207
0.0148085445093348 0.115154985708401 1.11953909349271
0.0105886365054182 0.0653057523125524 0.764008697020505
0.0116463587273955 0.0810498091631288 0.792417163111649
0.0131769708552146 0.104671566068647 0.999253017119784
0.00717725311045199 0.0514385000198729 0.502292223637507
0.00881981733409799 0.0546855895927003 0.635049213708499
0.00880965562115452 0.056957667421937 0.592248456309
0.00901599464812875 0.0593401329695351 0.620992883412202
0.00722908861702068 0.0532339065314425 0.552374898465206
0.00853440592288311 0.0667162609855977 0.569755749297664
0.00527282071095321 0.0376372687013043 0.389927346873073
0.00559476510783037 0.0340121511680651 0.386930153150232
0.00985271226393081 0.0586650117145321 0.752820136963922
0.0130842745371394 0.0646227478585124 0.912467589650825
0.00821305493035055 0.0541382961552862 0.608818152585882
0.00543625886492112 0.0399669526134758 0.374018563090283
0.00871250268064284 0.0604368333804919 0.611976160296803
0.00685721095407791 0.041315358526948 0.461386014676213
0.00803904784943989 0.0525550669678367 0.541551305322851
0.0117415006942458 0.0756938106380575 0.858996811110778
0.0149071125711527 0.0912875347706126 1.05236437365454
0.0107162055520973 0.0746600254634091 0.701196614094414
0.0123506027254719 0.0985465058785946 0.813780535637097
0.00743269286256077 0.0518842106715663 0.566103250963143
0.00731149436498412 0.0414952491413266 0.468472240079903
0.00754762495928833 0.0796468281489479 0.49660669858663
0.00975048249931546 0.0695480625310202 0.665786238302817
0.00856363414732299 0.0440590156092439 0.577796191799518
0.0169387922549937 0.125510125522071 1.21342383495355
0.00659425308606516 0.0430294551970327 0.465024643007642
0.00424838105779553 0.0321967555853384 0.284783076159652
0.00621003805091114 0.0439343238482835 0.453706566107679
0.0107712760524872 0.0749069173443995 0.692404441574112
0.0133079539562894 0.0825415114044249 0.949775669319049
0.00955607245406349 0.0523445949197152 0.629812765285997
0.00617085872188985 0.0387800980028847 0.433339508296058
0.00608736330725193 0.0387992451084479 0.455984595960744
0.00713393101569725 0.0457406313184571 0.502276205181972
0.0108477965503165 0.0629755161613898 0.698831196913335
0.00782081953758828 0.0578342555681738 0.531461274982217
0.010928742057125 0.0823401369376289 0.796672026589
0.00843943141512406 0.0607046841568896 0.616665298943165
0.00792472530402197 0.0470462513034193 0.580378250536744
0.0107447558343031 0.0708677056697409 0.720239988174881
0.00822590283768718 0.0636568421416441 0.608627079998849
0.00791870729354227 0.0619140158845855 0.547586091421357
0.0128365860113982 0.0790546590521869 0.804330743337242
0.0121801167465002 0.0808036401595095 0.915393659460775
0.00716679963170821 0.0386995187873253 0.462448058768956
0.0112052925058497 0.0842861581445845 0.816162996964887
0.00681579644210199 0.0618312445832824 0.498838147625854
0.00772622220636279 0.0550184500337102 0.568759165186756
0.0116703752245263 0.0804548278330388 0.811071662804474
0.00665447126544599 0.0448791753557492 0.491441039071142
0.00886044299083282 0.0522124663916908 0.626693439098473
0.0097704807475909 0.0648199712138794 0.728407212313746
0.00881651665697722 0.0440216843290833 0.605118278788373
0.0109279796345937 0.0865847012350377 0.830162840217372
0.00434703867104805 0.0257503395037978 0.302487493994679
0.00492872561848053 0.0306517235158988 0.358893496101255
0.00623874775091384 0.0391154153259344 0.464962903255252
0.00807727131594356 0.0614097971152812 0.591997872757288
0.0110384800072103 0.0857601453149018 0.838058538372182
0.00985226641801162 0.0692707635224183 0.712456829832416
0.0107171223256019 0.0742452514200304 0.694819612666868
0.00713928497260544 0.0608077922609184 0.543773867438432
0.00761127884440396 0.0594154080782718 0.520194541158021
0.0098318260241574 0.0566706449279831 0.730568812911772
0.00938538667928693 0.0569988330161569 0.716693373546593
0.00773008918497178 0.0602731551147745 0.589727382410852
0.0130586903145143 0.104729536064584 0.912542522993535
0.0163456471879039 0.127208589034273 1.19477209928034
0.0102800880768818 0.0775065979691176 0.704346187300005
0.011215506590325 0.0916237587609348 0.739966742146465
0.0134663068941359 0.119046823648874 0.88561868161021
0.00951749863278083 0.0894288446742679 0.689035865870529
0.00827875564107957 0.0513448087402035 0.57938700676309
0.00702006497656495 0.0512210351441593 0.491729189873278
0.00983724380575662 0.0546046957843585 0.7093019378451
0.00464242754116489 0.0425830683122101 0.36231957369374
0.0117168047763431 0.072732003407924 0.78962370331194
0.00776872661973599 0.072897210029758 0.598043927481036
0.00638906380686016 0.0361329963646469 0.461903523218983
0.00514207037941689 0.0457577276279317 0.361612424229071
0.0134610957344675 0.129097441109385 0.902959205707544
0.00627991318678603 0.0510366334658109 0.470249543716373
0.00674049646480856 0.0459030936303999 0.462531754630671
0.00895406860476193 0.0688742395823049 0.612049590690398
0.00707206302564333 0.0458998089520547 0.531541565684529
0.0101232503531975 0.0560170740127299 0.664555458673693
0.00675556324903007 0.0488238477764693 0.479488131210429
0.00797587610733415 0.0572341719549674 0.535124971655581
0.0086322959351274 0.0562567095848372 0.624958672401172
0.00719230568458744 0.0538790861890401 0.528486648277652
0.00578504152157972 0.0298973136015164 0.426750228809032
0.00929226833813932 0.0573653619861238 0.670081278662948
0.0153554247702645 0.102902156277848 0.962088839029471
0.00859439970635828 0.0581914219927554 0.602693971688956
0.0148486748702168 0.0705037581016134 0.867211368740662
0.00903516363021704 0.0533672977922596 0.665063038555908
0.00666655078399384 0.037265847677978 0.455680108429928
0.0143665475406837 0.167786989995096 0.985438151979275
0.011596159047857 0.0753339946323565 0.697719050550969
0.00823397077482486 0.0511924286948198 0.61815641839163
0.00523755462158874 0.0303825128479204 0.339820106582712
0.00720431324365556 0.0576974482668893 0.500086813736737
0.00525071774616406 0.0344762520742488 0.362491696639382
0.0104301450271 0.0694240464000379 0.704767558473829
0.00651553028765167 0.0468981157239379 0.42479451513051
0.00839577466890653 0.0711181488456094 0.598757834825967
0.0120100528322374 0.0930717250210882 0.805355416133903
0.00937563595178101 0.0616366171894662 0.67175830842681
0.00540098534152014 0.0368372217010198 0.392710316650711
0.00436808187467828 0.0326491593638029 0.319564506578487
0.0126019631155434 0.122660671375904 0.887926101158345
0.0161379729779861 0.0965330481879441 1.00010311398633
0.00816815031077999 0.0547874621599261 0.609555289872057
0.0165776111738333 0.13916064773577 1.28932202042407
0.0155774837495955 0.114993077766212 1.18098405853243
0.00552059896874644 0.0418835476480227 0.385996198348047
0.012388206862697 0.0758613289628302 0.925840026367973
0.00931024416047843 0.0883949246800045 0.731056886469391
0.00971081621238872 0.0554905062896827 0.663957421618039
0.00770433764848338 0.0575558452135188 0.536868689351757
0.00908860728877226 0.104331924726974 0.642102829574506
0.00918445959687875 0.0632834253718714 0.632145727852666
0.00943545295931235 0.0576350452309437 0.610464583871328
0.00998158397859665 0.0829954262383979 0.670805690515376
0.0105564853868091 0.0687172495070827 0.74803580342516
0.0126497403087766 0.0843193921187009 0.937658097125723
0.00618511041106923 0.0422133372673598 0.471074564316416
0.00745772413936911 0.058190597158925 0.521538053969605
0.00480223014200885 0.0299722942387838 0.34832980505252
0.00797121488352843 0.0547077629698674 0.586624350148752
0.00738508476844983 0.0538826224640517 0.581562610949659
0.00783844107289166 0.0542431093454869 0.521289443505076
0.0116160308584432 0.0811196317808615 0.896004796538208
0.0195808905183809 0.143900574615905 1.38303662219009
0.00604395250572698 0.0471258272558313 0.410226182333469
0.00879359165428122 0.0715886841042269 0.592882557152048
0.0122796347277387 0.116792794091631 0.794784092309722
0.0118117437980518 0.0875673095393906 0.810400935161995
0.00795489207066954 0.047553101241268 0.601121212960324
0.0128058872563002 0.0800692480715852 0.905053733827643
0.00817936353755584 0.0565967549549403 0.580946408763683
0.00697871494084509 0.053599405132905 0.520157410973251
0.00780161213017876 0.041936883029428 0.528331689403646
0.00615815321321245 0.0518402691318696 0.425319968591285
0.010368304992646 0.141416809258296 0.69391970477055
0.00556630017278805 0.0335994101769347 0.39195430027404
0.00635146059480961 0.0339005633390232 0.393301725484815
0.00821270047916105 0.0483701110070457 0.563168883124977
0.00725450683641904 0.0505643553846702 0.527218394450167
0.0134998880973275 0.0771401483557762 0.966374646252368
0.00708308326159141 0.0501124406480717 0.554904159580294
0.00799661401049168 0.0556928926254219 0.582556369211477
0.0106174833196825 0.0925253093887664 0.757276941129736
0.00738239451444379 0.0402828481905686 0.471488380652519
0.0131317573759623 0.0702295930637457 0.841556305304701
0.0062578981455253 0.0442326799444424 0.45273267451576
0.00890688459762964 0.0486993574333841 0.623333904074584
0.00902519517542052 0.0692096872591143 0.741195788721421
0.00931994959336015 0.048233182558038 0.604401583701682
0.00592046972032855 0.0466060041130159 0.470665952863031
0.00526883139883354 0.0467552150333048 0.366184195782289
0.00884902463867246 0.0587202442301331 0.710193926089685
0.0121498904124281 0.0737243517943732 0.828815132293716
0.00710579247913409 0.054727212150156 0.487926349318815
0.00675928184470465 0.0455643487806275 0.471534583955765
0.0133636263692399 0.114940488517563 0.924967289963269
0.00644855706805619 0.0560098409062451 0.46085762885694
0.00866551103850658 0.09685854080518 0.589561933854659
0.00704836690188023 0.0630666999667686 0.500694117809338
0.00736691395175734 0.0423746002186676 0.503749720375486
0.00884913135831344 0.071854810776026 0.592876689188713
0.0232490724565518 0.17388592403381 1.66787967829297
0.00841008991773782 0.0510540632923111 0.604577670882967
0.00826691530584251 0.0565124042908565 0.645819266960001
0.00713923022409362 0.0620362906772997 0.538203768603463
0.0087986302591204 0.0640369316551512 0.630046309858507
0.0108353644747391 0.0701577015841639 0.741882913576932
0.00908570716955057 0.0886003396778676 0.621398306958311
0.00593831093463341 0.0551874965117137 0.406077029107742
0.0120306307281396 0.0860661223819638 0.850821309735706
0.00569906210274967 0.0535419232948842 0.393975512130721
0.00691891712375348 0.0371719629286339 0.48284641991718
0.0119144893463999 0.0943869732358741 0.794910564230763
0.00839179329905332 0.0594028715048261 0.578429182107956
0.0057344684179941 0.0467919011661607 0.39215752310107
0.00752719224824586 0.0571604048480344 0.561056877424946
0.00895532483224241 0.0757538961967488 0.577464173875277
0.0107443454035212 0.0615115017076919 0.746086896351355
0.00835027117275968 0.0782058283141132 0.606361751944578
0.00928135120142558 0.0632161879575118 0.619549716110894
0.0107357858916882 0.0778738001690702 0.716897178273624
0.00633955267016564 0.0399836315771933 0.449622442216172
0.010845324751907 0.0597672459968486 0.733529381960558
0.0144967161840041 0.0793103229460365 1.08064895635789
0.00663960640693169 0.0553875963644584 0.463029184085907
0.00971728274588138 0.0571882008661897 0.669901100673811
0.00740473287342134 0.0424748530216161 0.485166360379199
0.0102019070039772 0.0820241455588741 0.784614634189948
0.00634585665083331 0.0411648949785917 0.4482031992819
0.0108345286647747 0.0602380681945585 0.748406641121867
0.0114120569474858 0.0601786543469055 0.730567683231687
0.00604642241588127 0.0397149141305074 0.428480270071717
0.00803768010952594 0.0600080954609066 0.588336057212071
0.00988463132021419 0.0685346863499318 0.688710607122194
0.00695734725233327 0.0520616738932225 0.448455615127893
0.0066998279285096 0.0418126538018974 0.453902109668018
0.00930245980660079 0.0757609355704091 0.640280078884867
0.00563794490373917 0.0334249752189669 0.406647397718896
0.00768208757355879 0.06888682768476 0.591575243056822
0.00831915575027665 0.0671436226343708 0.51151608535293
0.00899502615566663 0.0615298988236716 0.655136732298885
0.00729438162295047 0.048798652017108 0.531425823777279
0.00855793859717476 0.0664873602831141 0.580896047087249
0.00722817550473439 0.0674750234631578 0.550852157565937
0.0215500721773591 0.136912496864526 1.497699393722
0.00642005157324133 0.0368818180886344 0.432751194506854
0.00796582502051507 0.0590278759672062 0.53995961674177
0.00707890139284514 0.0430153174323204 0.467631843051042
0.0107830263592833 0.0930656898399632 0.795342573220275
0.00466643087038113 0.0400673649738332 0.334351021092057
0.00608231561312824 0.0418663929133554 0.407811202246534
0.00952067602599208 0.0721436559657851 0.652094682635261
0.0133875968283319 0.0953014742518215 0.941360150327967
0.00977253855946553 0.0721053945868197 0.661681844530972
0.00990801259262154 0.0504204344635798 0.658359749072853
0.0159836402258255 0.121138837873726 1.12652073227112
0.0124330556297814 0.0771704349442374 0.864403291823918
0.00912751625017135 0.0584737904348036 0.5696823485299
0.0053861018790401 0.0322315188105481 0.373231462353526
0.00769068602238837 0.0924744851268045 0.546960345320379
0.00663784756043038 0.0515535560461244 0.461105404211346
0.0118536458536998 0.0784588632682211 0.853477174986506
0.0124004153884409 0.0847711299775565 0.875027494320483
0.00589904662278786 0.0477494504019407 0.435569281662941
0.00913716973413052 0.0671272042336329 0.619962013911996
0.0103082455279726 0.0561093226520277 0.630522372863381
0.0105257208112939 0.0830103524019771 0.762694431133393
0.00737338797303145 0.0564149505122431 0.509500635752285
0.0090103508042427 0.0636176042445633 0.630192746615151
0.010127259706782 0.0758930517614871 0.751580374017372
0.00963498832758321 0.07220369285704 0.70032499166621
0.00809918055158183 0.080318036037607 0.566947694208446
0.0107874611748474 0.0750280724870745 0.669547974527624
0.00715852133830035 0.0449398048156952 0.528502055571977
0.00885522187706465 0.0619627192752866 0.671449833314705
0.00540698889912289 0.0376488221205237 0.390876255234987
0.00580347692003027 0.0440116085879841 0.430019942406041
0.00846009973533763 0.0654703464667487 0.646559965482153
0.0180922572286497 0.139878773196122 1.23662412395355
0.0116234824726385 0.0730663512989608 0.809532187943768
0.0082123470222689 0.0706311376986874 0.591411234868694
0.00729715730034354 0.0682358585321806 0.551580587500405
0.00457144306562183 0.0398602733452299 0.33127267901214
0.00735815024626719 0.0743304957490784 0.552407530874115
0.00905697538460515 0.0623955198950643 0.650523759887058
0.00893689710463933 0.0605587456792903 0.656563103112496
0.00798501511390585 0.0494133487798429 0.511374873416575
0.00810344018489972 0.0709027773710164 0.565886969804499
0.00627301951042472 0.0435872989681245 0.437480001896209
0.00996801991721467 0.073926853672301 0.666036282937201
0.0056560665825617 0.0445366341116268 0.411195617106309
0.00871664346626762 0.0687978877998915 0.636525474606977
0.00910786723160706 0.0684828049919962 0.630335681564765
0.00772908352271682 0.111719400261764 0.540716742917647
0.00883801786973979 0.0597808336136737 0.629177511375865
0.0059734442096449 0.0475610902122819 0.437295378938864
0.0109144612305139 0.0848760608407935 0.735111384673682
0.0118048110687421 0.0975769155181097 0.736665839661369
0.0145304174302392 0.0781478091796376 0.85116961212596
0.00848100798078182 0.055090066828176 0.608986532719216
0.00525233512723063 0.0560313727830907 0.391843561277705
0.00605598028931052 0.0392587334815077 0.440472375634363
0.00566634915585583 0.0367169710480332 0.393553989412513
0.0168711105193649 0.129037138579097 1.23584203402697
0.00627419649819025 0.0406749093970266 0.455141463324942
0.0124138837570626 0.0791465737736323 0.817086960554317
0.013160435378005 0.0783324158043688 0.926787841184716
0.00658018534780747 0.0368558852197597 0.440511003525352
0.00554551193996513 0.0398753641989796 0.397456596472216
0.00709523957741587 0.0528697567967619 0.502616047031778
0.00707041135175938 0.059282117786091 0.488401892959537
0.00690364879602844 0.0765643063201572 0.480415617868026
0.0102226041650275 0.0833261368841542 0.737622156609554
0.0069803184790849 0.0399766101712725 0.478522022958429
0.0140378796679446 0.0885902884406341 0.940228237383327
0.00514669187851689 0.0319407388705278 0.366370197939707
0.00844530292324774 0.0685483771525827 0.588512910291789
0.00509946364253844 0.0283095460440253 0.35859817215449
0.00675164420928929 0.0622539027160758 0.480865799760777
0.00477533345541758 0.0371041351481836 0.366074154884103
0.00922015440770299 0.0686377632312243 0.651624501101731
0.0108577971472057 0.0605608649150897 0.743375312957442
0.0126822746980865 0.0996092306162072 0.911889422161623
0.00591643428311274 0.0441446620676237 0.417163359361574
0.00544157336603323 0.0382192678323881 0.350592444686543
0.00516579154978643 0.0409900556154148 0.357426581763179
0.0143280844884215 0.087082043476033 0.928205247452782
0.0104478782711296 0.077729647568011 0.734018474493471
0.00862437299128989 0.0643693985165277 0.598957909136668
0.00901731097987647 0.0607671233596941 0.717095357543307
0.0126599512813787 0.0608013302654586 0.770395041789723
0.00767915263112141 0.0504070662423155 0.560105387345166
0.0132745303169334 0.118902861194787 0.909864599608521
0.0134443604182751 0.108864003113852 0.987782208803586
0.0103577778570261 0.0700728076401307 0.67540086572767
0.00891787908554733 0.0782865129346798 0.61334817612735
0.0038835743998268 0.0240713637924928 0.277521192827435
0.00678967921937503 0.047531713099737 0.491881160009039
0.0130230290602668 0.1054399684732 0.807580267243687
0.00675716296942351 0.0452486255884376 0.480920370094898
0.00541054452722599 0.0326204414216124 0.361088086943815
0.00743978283521599 0.0484876456458885 0.507605354845692
0.00824784610569201 0.0740945165753677 0.597308265438312
0.00652803021766527 0.043631694903725 0.460431082433701
0.0109120981675971 0.0828273504517234 0.800504069146041
0.00631081647867598 0.0512763350855944 0.450717850097491
0.00626418951891905 0.0360328579485364 0.413743423609321
0.00659677916667898 0.0434568126158972 0.46509349957695
0.00676870318464172 0.0428277108635622 0.474080329799843
0.00662271230556433 0.0579733197498271 0.517753214314812
0.00722689353772909 0.0466704592413756 0.515260307533123
0.0111175216362192 0.118175103196199 0.792230837268446
0.00982048474542152 0.073770593581769 0.72824295203472
0.00847025024203453 0.0457678932909798 0.570063155655802
0.00869100410219432 0.0570769144005417 0.640978576878581
0.00621083759064418 0.0426964594006037 0.417870768451961
0.00891222811608391 0.0704580725997245 0.679786778868346
0.0102549564489466 0.0694439715308905 0.654134880880637
0.00922576414860445 0.0627598341821192 0.602743967815127
0.00828529050606954 0.0513343785305608 0.560492500134871
0.00674374323994281 0.0346171561854165 0.437474909832936
0.00855495580171299 0.072725492930273 0.544220285355487
0.0076773779420695 0.0506701636587328 0.542252305028584
0.00850818968395542 0.0821554051302797 0.621057568822097
0.0110918125339094 0.0611280772654278 0.77750491453501
0.00983114962515893 0.0662594339073941 0.735947038158572
