0.0065646641209714 0.068474780076644 1.14911043925553
0.00589169079620321 0.0654944020688944 1.05546634625394
0.0085502881025558 0.0859593858188469 1.48211620740912
0.00676438105696528 0.0811918137566362 1.17973472903694
0.00705951476365382 0.0678905960020492 1.20353360774817
0.00549739941710158 0.0964809839557674 1.0409361411795
0.00572148812611713 0.0544210154217542 1.00771775098632
0.0101684873285127 0.100772439818689 1.5744707508037
0.00533218605991501 0.0629063397765691 0.930607587356815
0.00573441610161243 0.0652364652165219 0.976188580007379
0.00485759999888103 0.0438862639372384 0.797793980348429
0.00639950209597802 0.0758451289615565 1.10193113215348
0.00562841443556588 0.0634201564821819 1.00265998447243
0.00513310657559791 0.0502085929651214 0.875525069405653
0.00552851580760824 0.0650180400249986 0.976613998256721
0.00815460096602539 0.0936023120221433 1.39226955149081
0.00974307093877475 0.104092935268281 1.72460179378774
0.00679715244980273 0.119528484575313 1.22857101746627
0.00640799232462278 0.0876224210209455 1.10866050652459
0.00653540027587541 0.0597895434159808 1.14374903411506
0.00455126549898269 0.0607624142461816 0.847690515323504
0.00646873754223329 0.0696350738947295 1.06122355107105
0.00513308744872867 0.0645020837791069 0.842937496184337
0.00947434504317572 0.105565584419845 1.59069037994854
0.00649499096690155 0.0768441186558818 1.10406738822188
0.00631489392757865 0.0771081006813639 1.07684000729718
0.00664394551357772 0.0781416817410259 1.19992268252131
0.0118462921415385 0.15465035233169 1.86336570311297
0.00780155713974414 0.101252673309726 1.36248496101428
0.00757397482287536 0.0760492875405223 1.30030076856652
0.00899036827822235 0.131926818828014 1.45629185938116
0.00605497821391528 0.0724710699719412 1.05429445443119
0.00653505985387889 0.0959255525429647 1.09545903810245
0.00827475476921521 0.0760602798813778 1.37440895615603
0.00599065782881073 0.0741987246610868 1.07884340740227
0.00651045777267687 0.0764238280998956 1.11126683411271
0.00341887521364432 0.0431073237212198 0.617178750241267
0.00419919114780149 0.0482892613704728 0.810193677626626
0.00507040909193873 0.0494995134067146 0.807519394339503
0.00521088971845162 0.0864147777645128 0.916391976821674
0.00585550694008179 0.0671155213267851 1.0323959638978
0.00660108098764186 0.0709360097406822 1.08470798921512
0.00621026330790157 0.0724103922844517 1.06876347192442
0.00578720790374351 0.0735381322118782 1.02063244488825
0.00422856353577189 0.0467430795391043 0.737330945059435
0.00663112472577054 0.0640333349963003 1.09043809037776
0.00714421740747873 0.0722100439057014 1.12767219009151
0.00511807969934618 0.0509853610870176 0.865666775887121
0.006289033045415 0.0994976430071232 1.12277007935486
0.00599991319782659 0.0748703653934586 1.01621500592937
0.00513219501806437 0.0665990629251754 0.955937774302271
0.00467727832779708 0.0579389370708169 0.767695737502541
0.00575497996186311 0.0754369853851514 1.00325100944456
0.0056907126212816 0.0596035882042685 1.05113276555483
0.00617967692153737 0.0548148577852134 1.03462302037593
0.00426330637301754 0.0628881568770909 0.745412184776019
0.00547942923183976 0.0784516264522808 0.938821816912781
0.00451779352441265 0.064341435169912 0.798736489296895
0.00625042805362635 0.0666551679480144 1.06689077774981
0.00617196513721596 0.0791792922762496 1.08415722135522
0.00832093737634619 0.112448766446559 1.48720736580133
0.00494153256817246 0.0525042781012949 0.834917294007914
0.00651536264671013 0.061822790035885 1.07577342438913
0.00898278030132466 0.0981432179606595 1.60115024120313
0.00655804153939923 0.0891632965557199 1.18904571592314
0.00989996272000494 0.138420700501535 1.69305553304955
0.00624201481002914 0.0798780705005245 1.09549911679334
0.00928762312504118 0.104781250033992 1.56846776113318
0.00594483507039212 0.0824958768908318 1.06543234377905
0.00632436170855656 0.0852608758501027 1.1087203908248
0.00484798984187119 0.0623241022984629 0.828102036388982
0.00295413365351675 0.037008564612819 0.600280240014715
0.0067680893373893 0.0947998156891952 1.1672275440351
0.00921317497866834 0.102982548250149 1.54802648000992
0.00574515551435025 0.064612676103105 1.00953107284676
0.00501578251967134 0.0649695446251484 0.869568347257725
0.00737158657218742 0.092590383755279 1.25131696118046
0.00599249567000012 0.0758117572124214 0.994478349436648
0.00661547686558941 0.0861752480669228 1.17340719230512
0.00464868455797221 0.0601454991194454 0.804276583151092
0.00460786830170068 0.0539117850979228 0.823862460098771
0.00765544969747127 0.0745920885006491 1.33793048559391
0.00667232905045571 0.0951499828898665 1.22039671044412
0.00730613648104345 0.0779792169034998 1.32596221802961
0.00558565259051844 0.0778370567819052 1.01483101531462
0.00456681531750931 0.0545007835666238 0.815823916734921
0.00445382504177782 0.0604254185469413 0.785929896721288
0.0072707661922764 0.0760165623947005 1.31387119020254
0.00926060424494943 0.133107884251342 1.539521896328
0.00458065340243652 0.0569576984676221 0.828582824563004
0.00451073064399598 0.0494329660103816 0.804655071276235
0.00538944848057855 0.0790427086419906 0.901466327601919
0.00573642700130772 0.0794015648730931 0.999451187891277
0.00716127021198272 0.0839756079801948 1.24061000964383
0.00763261121379244 0.0803148753439003 1.26932800212358
0.00362729054461102 0.0380037175600894 0.670088560902144
0.00784898628409444 0.0820702629323313 1.39186802203946
0.00638887871906677 0.059851293936597 1.09715733641323
0.00571150208245273 0.0617063063013512 0.997569388353157
0.00600729788033701 0.0800170351535943 0.989878637291006
